67844885856161463840422104012531 251277355022820236446007792639 5389448112552986953963540499735 4326981135249143568461622358914 106069555875403984170343810847
67844885856161463840422104012531 251277355022820236446007792639 5389448112552986953963540499735 11693824755027273717250477406136 219328531315767888191735311767
67844885856161463840422104012531 251277355022820236446007792639 5389448112552986953963540499735 45018613245942597362106071946407 192207654693399744709717091332
67844885856161463840422104012531 251277355022820236446007792639 5389448112552986953963540499735 5800435989379816208401848034606 173452167244795160151382844570
67844885856161463840422104012531 251277355022820236446007792639 5389448112552986953963540499735 18384946010627064709367717564809 158273534290705571769194115769
67844885856161463840422104012531 251277355022820236446007792639 5389448112552986953963540499735 52736721907658494256950620631773 226056590814857959996320412380
67844885856161463840422104012531 251277355022820236446007792639 5389448112552986953963540499735 65912636757466550099182493006107 56267055008306710194230828665
67844885856161463840422104012531 251277355022820236446007792639 5389448112552986953963540499735 1334156879090052651798291410829 191111697710674685492719389292
67844885856161463840422104012531 251277355022820236446007792639 5389448112552986953963540499735 41057551703360962149499678993193 37179239934241197485401432655
67844885856161463840422104012531 251277355022820236446007792639 5389448112552986953963540499735 33009853229490157858691894432447 76308939205154703686775399515
67844885856161463840422104012531 251277355022820236446007792639 5389448112552986953963540499735 28762756712583636508951112670560 95336834677255688312252631046
67844885856161463840422104012531 251277355022820236446007792639 5389448112552986953963540499735 51486654900036434564301978226624 113703720048185065184500377132
67844885856161463840422104012531 251277355022820236446007792639 5389448112552986953963540499735 66497318091426185643648887697435 214324772092591545239643034508
67844885856161463840422104012531 251277355022820236446007792639 5389448112552986953963540499735 28649036374986265680586519512676 179055758048128873829731477254
67844885856161463840422104012531 251277355022820236446007792639 5389448112552986953963540499735 55614478042406673097533548166079 23842452283631596671245909059
67844885856161463840422104012531 251277355022820236446007792639 5389448112552986953963540499735 56454632277198608670887123464254 55327435789847591635549180946
67844885856161463840422104012531 251277355022820236446007792639 5389448112552986953963540499735 53114400072961698457217082525166 147169582336968404486196815705
67844885856161463840422104012531 251277355022820236446007792639 5389448112552986953963540499735 27376650425885055270018124033653 153012557156251073204904697657
67844885856161463840422104012531 251277355022820236446007792639 5389448112552986953963540499735 26313499219899705798622681850994 213829436862658353456889453868
67844885856161463840422104012531 251277355022820236446007792639 5389448112552986953963540499735 32750900917541266205974383179781 233580573027415123558872154525
67844885856161463840422104012531 251277355022820236446007792639 5389448112552986953963540499735 56000102376532676666579807582682 153016382616917144940338099615
67844885856161463840422104012531 251277355022820236446007792639 5389448112552986953963540499735 24744767491700529487150092554307 171142406565672746169813758010
67844885856161463840422104012531 251277355022820236446007792639 5389448112552986953963540499735 40185091692133556270267639237009 158762223914052668297643718857
67844885856161463840422104012531 251277355022820236446007792639 5389448112552986953963540499735 59262305942383016365993714299624 52471531910496853133312356095
67844885856161463840422104012531 251277355022820236446007792639 5389448112552986953963540499735 27962268544862483636512235260646 850843099349736903003130105
67844885856161463840422104012531 251277355022820236446007792639 5389448112552986953963540499735 22917039474104688357101502701709 99155353833019875992636091470
67844885856161463840422104012531 251277355022820236446007792639 5389448112552986953963540499735 31470119783990620893682055170892 142439379766717554486701609073
67844885856161463840422104012531 251277355022820236446007792639 5389448112552986953963540499735 6492728965141599658880278212055 19435221136596482328060301798
67844885856161463840422104012531 251277355022820236446007792639 5389448112552986953963540499735 57072774020484221894232626454344 240993486204390242278377798593
67844885856161463840422104012531 251277355022820236446007792639 5389448112552986953963540499735 53369322189726708604355028868025 71144325042083980633973118380
67844885856161463840422104012531 251277355022820236446007792639 5389448112552986953963540499735 50198435824508301263754368869628 132732351585501986634753607587
67844885856161463840422104012531 251277355022820236446007792639 5389448112552986953963540499735 29315206526688439969193479365412 230821259216522571571538857618
67844885856161463840422104012531 251277355022820236446007792639 5389448112552986953963540499735 35141642676067467215160580005170 178884355448635694295245875685
67844885856161463840422104012531 251277355022820236446007792639 5389448112552986953963540499735 28928530679553420992626226868132 177210506485031377107442225874
67844885856161463840422104012531 251277355022820236446007792639 5389448112552986953963540499735 32397309215237956773372456230890 128171229339286882289567831217
67844885856161463840422104012531 251277355022820236446007792639 5389448112552986953963540499735 7286667497662924590591409205335 91315476464515134202457382658
67844885856161463840422104012531 251277355022820236446007792639 5389448112552986953963540499735 30507704141535150600917831226845 170260797910337350155788127381
67844885856161463840422104012531 251277355022820236446007792639 5389448112552986953963540499735 20292110950765055732124385591281 159592297442261716149441230161
67844885856161463840422104012531 251277355022820236446007792639 5389448112552986953963540499735 44279336733826093409643931647716 28171899713380657746270887237
67844885856161463840422104012531 251277355022820236446007792639 5389448112552986953963540499735 18005058070277633226646250777834 243986990427295564278673627496
67844885856161463840422104012531 251277355022820236446007792639 5389448112552986953963540499735 13981807477201718943872838408267 227011900953756599383235986711
67844885856161463840422104012531 251277355022820236446007792639 5389448112552986953963540499735 36637015009382226980387918666690 247439158156536362437189390169
67844885856161463840422104012531 251277355022820236446007792639 5389448112552986953963540499735 9533633054637483708634624917020 204344981419515177543496567304
67844885856161463840422104012531 251277355022820236446007792639 5389448112552986953963540499735 57857354202280437227097195439300 78306232363920013297501762273
67844885856161463840422104012531 251277355022820236446007792639 5389448112552986953963540499735 4739185044108934074176447508952 204500456594909422882706873601
67844885856161463840422104012531 251277355022820236446007792639 5389448112552986953963540499735 65676024793778430583855066715099 137578372250847577589010399446
67844885856161463840422104012531 251277355022820236446007792639 5389448112552986953963540499735 16024040088497912415662329820946 158298580837804138779871997756
67844885856161463840422104012531 251277355022820236446007792639 5389448112552986953963540499735 21475838942876861083854396123391 46738327280121991313380702227
67844885856161463840422104012531 251277355022820236446007792639 5389448112552986953963540499735 41962420346035933662435625082648 88542305979086623382830595882
67844885856161463840422104012531 251277355022820236446007792639 5389448112552986953963540499735 14656437098236073832633111902432 173472273557354602161969534225
67844885856161463840422104012531 251277355022820236446007792639 5389448112552986953963540499735 29188639514177881783710933783796 141427946302013255610990731237
67844885856161463840422104012531 251277355022820236446007792639 5389448112552986953963540499735 46537213493763766687940357367269 150965929151436548447843898330
67844885856161463840422104012531 251277355022820236446007792639 5389448112552986953963540499735 5159065947929737327634406717339 229631070797772607465752914181
67844885856161463840422104012531 251277355022820236446007792639 5389448112552986953963540499735 65999596431321477821960165131841 20268078166068874294393595252
67844885856161463840422104012531 251277355022820236446007792639 5389448112552986953963540499735 8164067299185496522134907870532 2580858708140549679745101775
67844885856161463840422104012531 251277355022820236446007792639 5389448112552986953963540499735 7436873471554805779352950840264 119199323306213702122790443182
67844885856161463840422104012531 251277355022820236446007792639 5389448112552986953963540499735 58263431995229184553387388555455 118832699142267443107913019492
67844885856161463840422104012531 251277355022820236446007792639 5389448112552986953963540499735 57535907703366606840571993561348 179132100371149008842764160055
67844885856161463840422104012531 251277355022820236446007792639 5389448112552986953963540499735 4650380911962168861534540567116 222514035809097594220610350635
67844885856161463840422104012531 251277355022820236446007792639 5389448112552986953963540499735 8028300712098342303939222793300 98878886502361517661064399722
67844885856161463840422104012531 251277355022820236446007792639 5389448112552986953963540499735 65881716139249875082553285242966 45810279534876153888435604469
67844885856161463840422104012531 251277355022820236446007792639 5389448112552986953963540499735 27465396399531367513288872802460 91363404727316788313394164842
67844885856161463840422104012531 251277355022820236446007792639 5389448112552986953963540499735 54342187283331658154267561779217 55706287339333162422684589811
67844885856161463840422104012531 251277355022820236446007792639 5389448112552986953963540499735 46841405642687868129286483108393 120040915952719060913220797530
67844885856161463840422104012531 251277355022820236446007792639 5389448112552986953963540499735 49731978878292625665362735493547 55440201385308225356304396195
67844885856161463840422104012531 251277355022820236446007792639 5389448112552986953963540499735 14912974093668922551324257742441 177389163818251096068806559778
67844885856161463840422104012531 251277355022820236446007792639 5389448112552986953963540499735 51450396790630865744383621856992 123960950283554646054535799025
67844885856161463840422104012531 251277355022820236446007792639 5389448112552986953963540499735 60231242715302107742315073232207 48328986486853114462630271000
67844885856161463840422104012531 251277355022820236446007792639 5389448112552986953963540499735 49965304670739061023349604001445 101215584731378887645741380726
67844885856161463840422104012531 251277355022820236446007792639 5389448112552986953963540499735 38633036846760398626110350292733 6714469941749055740262746489
67844885856161463840422104012531 251277355022820236446007792639 5389448112552986953963540499735 55243727290858024535895469433529 135110729215956659750248312589
67844885856161463840422104012531 251277355022820236446007792639 5389448112552986953963540499735 46575362901439208641371802636284 99082655657695813944946330994
67844885856161463840422104012531 251277355022820236446007792639 5389448112552986953963540499735 4203420549200616675707483735154 6575012332021601497128448445
67844885856161463840422104012531 251277355022820236446007792639 5389448112552986953963540499735 62217871036038421829366328105830 31858637782876466185890695831
67844885856161463840422104012531 251277355022820236446007792639 5389448112552986953963540499735 64973584212021470427077735891702 154209569927755526797899098379
67844885856161463840422104012531 251277355022820236446007792639 5389448112552986953963540499735 25426208330178762150884220889997 158062141919165146339982581514
67844885856161463840422104012531 251277355022820236446007792639 5389448112552986953963540499735 64331063791489793053153801948606 15338075277861585014091566489
67844885856161463840422104012531 251277355022820236446007792639 5389448112552986953963540499735 21529128561192832214112755924545 51619372505631130960016726131
67844885856161463840422104012531 251277355022820236446007792639 5389448112552986953963540499735 45313436275589183590565505046397 219315745031249126260979473154
67844885856161463840422104012531 251277355022820236446007792639 5389448112552986953963540499735 14926042512866465560412034021294 20863647652364795604352300116
67844885856161463840422104012531 251277355022820236446007792639 5389448112552986953963540499735 2472111322714456305531754762847 138260708695499069872754242574
67844885856161463840422104012531 251277355022820236446007792639 5389448112552986953963540499735 36461066739177340853743374488594 248709959416818987409520436018
67844885856161463840422104012531 251277355022820236446007792639 5389448112552986953963540499735 15008424455152852641578475516248 157632018976038563776440702220
67844885856161463840422104012531 251277355022820236446007792639 5389448112552986953963540499735 39256441110053857063542699021936 66231411348032887860846426655
67844885856161463840422104012531 251277355022820236446007792639 5389448112552986953963540499735 61870243729253597137366866486314 226816719447057430754822672771
67844885856161463840422104012531 251277355022820236446007792639 5389448112552986953963540499735 37412194202568127130083593342512 202803627552807808787433406893
67844885856161463840422104012531 251277355022820236446007792639 5389448112552986953963540499735 36656873804763627552585850119311 105192599753821323704614779558
67844885856161463840422104012531 251277355022820236446007792639 5389448112552986953963540499735 60828659584128444592381148498310 223244114743498635905338020978
67844885856161463840422104012531 251277355022820236446007792639 5389448112552986953963540499735 4476974494567335964222023950836 101804547527945003268313080398
67844885856161463840422104012531 251277355022820236446007792639 5389448112552986953963540499735 33543923993869053018058270172513 33323535846113824387729298640
67844885856161463840422104012531 251277355022820236446007792639 5389448112552986953963540499735 38312910065448659512794955854371 77138139927282290832794642339
67844885856161463840422104012531 251277355022820236446007792639 5389448112552986953963540499735 63897187929589748780287760981118 211855086397633446962757205017
67844885856161463840422104012531 251277355022820236446007792639 5389448112552986953963540499735 42952321725311616173712455283471 200106312296139703747248622043
67844885856161463840422104012531 251277355022820236446007792639 5389448112552986953963540499735 60454243997472341356480560378024 45657759335534109998721936666
67844885856161463840422104012531 251277355022820236446007792639 5389448112552986953963540499735 5232508645444026102671289534579 52704983116662846147022806713
67844885856161463840422104012531 251277355022820236446007792639 5389448112552986953963540499735 63655004447212499490747618766729 227348063150793750986856722142
67844885856161463840422104012531 251277355022820236446007792639 5389448112552986953963540499735 24044739899169783674537322370862 60735226761581733798451861364
67844885856161463840422104012531 251277355022820236446007792639 5389448112552986953963540499735 50090341720934272689774127056806 109529048974863788805541400782
67844885856161463840422104012531 251277355022820236446007792639 5389448112552986953963540499735 18734269720254011799531176128203 64593649975143055646237643544
67844885856161463840422104012531 251277355022820236446007792639 5389448112552986953963540499735 64786581166054424616357532469810 88634453040113567386984171230
370887795264742925115396540998669 1972807421620973005932960324461 262332088225163336444490822386011 324493100014173404777285390167516 491274063537509468668369027442
370887795264742925115396540998669 1972807421620973005932960324461 262332088225163336444490822386011 7958701804001205554981537421995 1207222110391913672950586203687
370887795264742925115396540998669 1972807421620973005932960324461 262332088225163336444490822386011 345703580455954287531803831246416 1595888881931475179197577563218
370887795264742925115396540998669 1972807421620973005932960324461 262332088225163336444490822386011 163897569094528045522835846935366 520685593283202588293462924028
370887795264742925115396540998669 1972807421620973005932960324461 262332088225163336444490822386011 210662512301706588995403615360463 978106140337764095832985171583
370887795264742925115396540998669 1972807421620973005932960324461 262332088225163336444490822386011 4717562467333473698885160943798 1487643822701356858483560857340
370887795264742925115396540998669 1972807421620973005932960324461 262332088225163336444490822386011 218603278640845847235401603124100 894864432803295659271847461468
370887795264742925115396540998669 1972807421620973005932960324461 262332088225163336444490822386011 50569432588293600300857950094582 1699684566366419141583944288201
370887795264742925115396540998669 1972807421620973005932960324461 262332088225163336444490822386011 365486117443428762624377254650272 685696816435904307270204312633
370887795264742925115396540998669 1972807421620973005932960324461 262332088225163336444490822386011 369383199161484131229544539712453 1506959394605640812742164796633
370887795264742925115396540998669 1972807421620973005932960324461 262332088225163336444490822386011 265828211243968479085137772685611 519137041489972407301103634266
370887795264742925115396540998669 1972807421620973005932960324461 262332088225163336444490822386011 130613151518733256978106279719391 1116017839803857870233339875646
370887795264742925115396540998669 1972807421620973005932960324461 262332088225163336444490822386011 132421044768506333515575551119804 1097771728891568840269257146491
370887795264742925115396540998669 1972807421620973005932960324461 262332088225163336444490822386011 216240608945590506677852539105829 1679488097395176911352151236578
370887795264742925115396540998669 1972807421620973005932960324461 262332088225163336444490822386011 226140130900520253770625518909599 528682960167799028464600182973
370887795264742925115396540998669 1972807421620973005932960324461 262332088225163336444490822386011 994728124746345635643769762538 480053033168338157333563520607
370887795264742925115396540998669 1972807421620973005932960324461 262332088225163336444490822386011 7045531638954333291910991543029 1379601973006492115796913428636
370887795264742925115396540998669 1972807421620973005932960324461 262332088225163336444490822386011 241647131650807486352274198498439 786531025662728874795499315430
370887795264742925115396540998669 1972807421620973005932960324461 262332088225163336444490822386011 76118448674370958878112815280247 156572524051944050204850272360
370887795264742925115396540998669 1972807421620973005932960324461 262332088225163336444490822386011 76992975754267841551805968474194 231511573673057232033826992591
370887795264742925115396540998669 1972807421620973005932960324461 262332088225163336444490822386011 22700077248839921384717575085204 538845949498780210391954022303
370887795264742925115396540998669 1972807421620973005932960324461 262332088225163336444490822386011 284193087674504475442559465950533 1684070101258788285599632812558
370887795264742925115396540998669 1972807421620973005932960324461 262332088225163336444490822386011 76150029675609636839745985478284 1665052402973757179022672340069
370887795264742925115396540998669 1972807421620973005932960324461 262332088225163336444490822386011 180667787842931556920373752345219 86851846265582421090986728225
370887795264742925115396540998669 1972807421620973005932960324461 262332088225163336444490822386011 338979000405221369336272021986481 1100955811306206179555519936118
370887795264742925115396540998669 1972807421620973005932960324461 262332088225163336444490822386011 310269898565042333614977139589464 454127140173585294174637582986
370887795264742925115396540998669 1972807421620973005932960324461 262332088225163336444490822386011 136522143190008940795119775176418 1118454577480300160222296782408
370887795264742925115396540998669 1972807421620973005932960324461 262332088225163336444490822386011 148907425095262834082581413666821 1215357581417450186111765983143
370887795264742925115396540998669 1972807421620973005932960324461 262332088225163336444490822386011 303336369312309792205160926513722 1071951557230678082842138272047
370887795264742925115396540998669 1972807421620973005932960324461 262332088225163336444490822386011 160560467487804759823192398842360 809890838210750282368666241830
370887795264742925115396540998669 1972807421620973005932960324461 262332088225163336444490822386011 209110159674492693848592818176333 1192502536638754515450701829628
370887795264742925115396540998669 1972807421620973005932960324461 262332088225163336444490822386011 313896699224532484141898247269139 210538020885748486868658165638
370887795264742925115396540998669 1972807421620973005932960324461 262332088225163336444490822386011 52915394199870521109871969630406 1340489155142746718519054440094
370887795264742925115396540998669 1972807421620973005932960324461 262332088225163336444490822386011 305160960021903520313983084856976 1324433908316695068529046297998
370887795264742925115396540998669 1972807421620973005932960324461 262332088225163336444490822386011 116846577581520014094397631177848 1419771915772912716160337853391
370887795264742925115396540998669 1972807421620973005932960324461 262332088225163336444490822386011 158892102314786189807958489415974 1859947797055967619636184858015
370887795264742925115396540998669 1972807421620973005932960324461 262332088225163336444490822386011 183313495706552773433658372072261 1906171905984522599143039380976
370887795264742925115396540998669 1972807421620973005932960324461 262332088225163336444490822386011 320206119669889951906892593172166 1535871198067229338279331946567
370887795264742925115396540998669 1972807421620973005932960324461 262332088225163336444490822386011 282536757739862571052901310804902 790112389839230484737571989829
370887795264742925115396540998669 1972807421620973005932960324461 262332088225163336444490822386011 107066807141195714487557920210607 1814906785212751803185697091399
370887795264742925115396540998669 1972807421620973005932960324461 262332088225163336444490822386011 178408933585516353943737316027084 1899818751047266260191907096082
370887795264742925115396540998669 1972807421620973005932960324461 262332088225163336444490822386011 264474690196638418341308893749642 363136843981214225662472341313
370887795264742925115396540998669 1972807421620973005932960324461 262332088225163336444490822386011 148085157710057616448288749964197 1336961915171815828341568525674
370887795264742925115396540998669 1972807421620973005932960324461 262332088225163336444490822386011 109866754960445553584610963254645 811998249804196361329478664713
370887795264742925115396540998669 1972807421620973005932960324461 262332088225163336444490822386011 149415548110098782448467141535465 1227028117072994420908780430548
370887795264742925115396540998669 1972807421620973005932960324461 262332088225163336444490822386011 151645883469265582101763794652400 1468566965537074094374717142319
370887795264742925115396540998669 1972807421620973005932960324461 262332088225163336444490822386011 84330499881811150154362951134302 1356320326724197821153324991220
370887795264742925115396540998669 1972807421620973005932960324461 262332088225163336444490822386011 321256622175714750708783998300559 1295911909744353128134438699072
370887795264742925115396540998669 1972807421620973005932960324461 262332088225163336444490822386011 247938875055743203967617398894765 694069272980271887719407336146
370887795264742925115396540998669 1972807421620973005932960324461 262332088225163336444490822386011 141683906377060670165126327098960 832590009253338968009014245653
370887795264742925115396540998669 1972807421620973005932960324461 262332088225163336444490822386011 209008893531890470899773873617110 1385560274115079655726785637085
370887795264742925115396540998669 1972807421620973005932960324461 262332088225163336444490822386011 274114633515837983974122682201118 952708221928600299221465282603
370887795264742925115396540998669 1972807421620973005932960324461 262332088225163336444490822386011 105596034555457497139314539850620 185827034281571221118873836837
370887795264742925115396540998669 1972807421620973005932960324461 262332088225163336444490822386011 277671496623569945454237183017928 1680337726476841300400167355067
370887795264742925115396540998669 1972807421620973005932960324461 262332088225163336444490822386011 309839724996255061193767927375163 53346302409250828806735989043
370887795264742925115396540998669 1972807421620973005932960324461 262332088225163336444490822386011 89110730368578494611831008726703 575845378356711046483052348379
370887795264742925115396540998669 1972807421620973005932960324461 262332088225163336444490822386011 228194349390254795202400022212996 731549926454440392034279908674
370887795264742925115396540998669 1972807421620973005932960324461 262332088225163336444490822386011 62997937536218471442691145210356 1175065439219518984750750431556
370887795264742925115396540998669 1972807421620973005932960324461 262332088225163336444490822386011 331058838164011818159802815033513 1387133764488387084886151486669
370887795264742925115396540998669 1972807421620973005932960324461 262332088225163336444490822386011 112005941081477419898318811090456 20153587898936981240129924381
370887795264742925115396540998669 1972807421620973005932960324461 262332088225163336444490822386011 139447307602325661988846274768561 317172804728580950646743716536
370887795264742925115396540998669 1972807421620973005932960324461 262332088225163336444490822386011 122570510383577865197585333286565 317471536246642330679256491729
370887795264742925115396540998669 1972807421620973005932960324461 262332088225163336444490822386011 154718570151982975384988532547506 331662509470485828704203505534
370887795264742925115396540998669 1972807421620973005932960324461 262332088225163336444490822386011 317040352654215291390597156178102 1369279815887995212664236830742
370887795264742925115396540998669 1972807421620973005932960324461 262332088225163336444490822386011 65348011041113014837219973499436 794950554825906505905227707245
370887795264742925115396540998669 1972807421620973005932960324461 262332088225163336444490822386011 81288429425381728195932959329895 741010822387770619290269862873
370887795264742925115396540998669 1972807421620973005932960324461 262332088225163336444490822386011 301947614955504103977221896025278 719499430540441817714065970057
370887795264742925115396540998669 1972807421620973005932960324461 262332088225163336444490822386011 327038263736079757930161051928424 749586753727537311089198944877
370887795264742925115396540998669 1972807421620973005932960324461 262332088225163336444490822386011 186103441752855401390700734777493 1583379232493474867615949387150
370887795264742925115396540998669 1972807421620973005932960324461 262332088225163336444490822386011 306514205345067571966501318238754 1082227763724501176939422662059
370887795264742925115396540998669 1972807421620973005932960324461 262332088225163336444490822386011 113102437073003332041937162250214 56068327306687405878766405602
370887795264742925115396540998669 1972807421620973005932960324461 262332088225163336444490822386011 169096469284095748916887654635679 1109879226495322408309566993447
370887795264742925115396540998669 1972807421620973005932960324461 262332088225163336444490822386011 221642528917147930793068308460139 1381552341508390229374195627535
370887795264742925115396540998669 1972807421620973005932960324461 262332088225163336444490822386011 250265582824840095000053911139977 1358260400233928750174645481282
370887795264742925115396540998669 1972807421620973005932960324461 262332088225163336444490822386011 2530354727314958553500006059545 1134114650956308178428534926717
370887795264742925115396540998669 1972807421620973005932960324461 262332088225163336444490822386011 136482394854543218258044616832008 857438401314374365431223026985
370887795264742925115396540998669 1972807421620973005932960324461 262332088225163336444490822386011 194035787848439195850533480741281 1059812500574290072367560544942
370887795264742925115396540998669 1972807421620973005932960324461 262332088225163336444490822386011 313207952379866453622541120595615 1075464964925178189988509708608
370887795264742925115396540998669 1972807421620973005932960324461 262332088225163336444490822386011 178513885309349440654139467020878 1429575451903684033916829694130
370887795264742925115396540998669 1972807421620973005932960324461 262332088225163336444490822386011 97688813255342109372129422656303 971953213639792301405088431621
370887795264742925115396540998669 1972807421620973005932960324461 262332088225163336444490822386011 279899150699644452313119896568600 128206991989264155217705141371
370887795264742925115396540998669 1972807421620973005932960324461 262332088225163336444490822386011 336560401321211872226379659997424 825481545342185841890895188546
370887795264742925115396540998669 1972807421620973005932960324461 262332088225163336444490822386011 248595331576319660531296619560586 428871226403610729072164647470
370887795264742925115396540998669 1972807421620973005932960324461 262332088225163336444490822386011 73320228549469233939676735623576 1819237709180550949761729303835
370887795264742925115396540998669 1972807421620973005932960324461 262332088225163336444490822386011 184509642573363943713819706882414 1579893463270266299352088001914
370887795264742925115396540998669 1972807421620973005932960324461 262332088225163336444490822386011 103294313671217170584048185759454 1547398190153131089064454377983
370887795264742925115396540998669 1972807421620973005932960324461 262332088225163336444490822386011 260156194696796877934676749914987 1087263523594503300052938978508
370887795264742925115396540998669 1972807421620973005932960324461 262332088225163336444490822386011 119556525572484264631929242106819 194162823310014530423949575826
370887795264742925115396540998669 1972807421620973005932960324461 262332088225163336444490822386011 341749201018485420763245928389361 1584848017032612215273520517731
370887795264742925115396540998669 1972807421620973005932960324461 262332088225163336444490822386011 300013188014342163878292410201665 895686727127922957612737190280
370887795264742925115396540998669 1972807421620973005932960324461 262332088225163336444490822386011 147117003318359996631667484817946 406896976855581884228714952135
370887795264742925115396540998669 1972807421620973005932960324461 262332088225163336444490822386011 140465183727386729792896902978700 525559836448531067374409580844
370887795264742925115396540998669 1972807421620973005932960324461 262332088225163336444490822386011 316790436293848398736514081969637 1838933037902962366176092817747
370887795264742925115396540998669 1972807421620973005932960324461 262332088225163336444490822386011 29725431894824173432258946484678 654422121347012334589751063775
370887795264742925115396540998669 1972807421620973005932960324461 262332088225163336444490822386011 358361358864724254968899464136405 1039010636372098403788976251725
370887795264742925115396540998669 1972807421620973005932960324461 262332088225163336444490822386011 257776032146764207647021665588153 196181375684000348005490719747
370887795264742925115396540998669 1972807421620973005932960324461 262332088225163336444490822386011 261855377658794938186544038427098 1861945017228079605751340349088
370887795264742925115396540998669 1972807421620973005932960324461 262332088225163336444490822386011 276986510765504856363780460208637 1846863161317342212001725273527
370887795264742925115396540998669 1972807421620973005932960324461 262332088225163336444490822386011 217848408987585009144414866979285 213285411122954224947063365206
370887795264742925115396540998669 1972807421620973005932960324461 262332088225163336444490822386011 11420550846577198737283832404389 611570907562041382785372701897
13410429811107175019924676801632917 41390215466380169814582335807509 13047356164547233203681474501962974 1568847540233181113543748406053 35282405992358168943330701908599
13410429811107175019924676801632917 41390215466380169814582335807509 13047356164547233203681474501962974 3565948774390705498177076763418783 1247174691668901758772986732422
13410429811107175019924676801632917 41390215466380169814582335807509 13047356164547233203681474501962974 1003465596314276972444715994119447 30695218337850400054661081409876
13410429811107175019924676801632917 41390215466380169814582335807509 13047356164547233203681474501962974 11604146832164691842494763101366911 35174770368975681727795836887139
13410429811107175019924676801632917 41390215466380169814582335807509 13047356164547233203681474501962974 3923474510825521864130023724769352 4950269046693986565433691384520
13410429811107175019924676801632917 41390215466380169814582335807509 13047356164547233203681474501962974 74055245480756631387437162075064 2219056353734621528573462623474
13410429811107175019924676801632917 41390215466380169814582335807509 13047356164547233203681474501962974 4805845153605998329326914350340869 11404292233775658172663201967108
13410429811107175019924676801632917 41390215466380169814582335807509 13047356164547233203681474501962974 1945581316849339871688104437779059 26910089549554838788200744696109
13410429811107175019924676801632917 41390215466380169814582335807509 13047356164547233203681474501962974 6146544979742263181777525702444612 10721683548295118377255001263388
13410429811107175019924676801632917 41390215466380169814582335807509 13047356164547233203681474501962974 7313472381978719093454258183016766 30599468069553427987401227048840
13410429811107175019924676801632917 41390215466380169814582335807509 13047356164547233203681474501962974 10852083176754118745475115208584101 10992940562424259407127015747320
13410429811107175019924676801632917 41390215466380169814582335807509 13047356164547233203681474501962974 8318895550222182981367883319652234 24977818273248028535114868869176
13410429811107175019924676801632917 41390215466380169814582335807509 13047356164547233203681474501962974 4491837055902374298502807409396432 7238785050535678623108361095433
13410429811107175019924676801632917 41390215466380169814582335807509 13047356164547233203681474501962974 5190096038435216069375452487100493 30575711277258209634607828117365
13410429811107175019924676801632917 41390215466380169814582335807509 13047356164547233203681474501962974 1769604099072505753785662224167150 34044198588470948713414637818957
13410429811107175019924676801632917 41390215466380169814582335807509 13047356164547233203681474501962974 2831471431053607804812385409516446 29736171700903163296922533151468
13410429811107175019924676801632917 41390215466380169814582335807509 13047356164547233203681474501962974 8717446375001215509382416951343107 31826222729908237638161326870664
13410429811107175019924676801632917 41390215466380169814582335807509 13047356164547233203681474501962974 7729883958039128846671189069702807 35685210951648154725772248722290
13410429811107175019924676801632917 41390215466380169814582335807509 13047356164547233203681474501962974 8548783737051080593183106708252344 39545490105024060632404093438562
13410429811107175019924676801632917 41390215466380169814582335807509 13047356164547233203681474501962974 4899320918875228971809517725627349 29399254981003255877182327867920
13410429811107175019924676801632917 41390215466380169814582335807509 13047356164547233203681474501962974 3281555813691899005531664574637947 31511953431514146240067563844782
13410429811107175019924676801632917 41390215466380169814582335807509 13047356164547233203681474501962974 7604172790324490232325847781071014 4685114085257231849745154348232
13410429811107175019924676801632917 41390215466380169814582335807509 13047356164547233203681474501962974 2549154363314386602781678426990714 12435620730566821129789218918800
13410429811107175019924676801632917 41390215466380169814582335807509 13047356164547233203681474501962974 11795926857466235800651549033639684 9881088812071532627905367588715
13410429811107175019924676801632917 41390215466380169814582335807509 13047356164547233203681474501962974 9900197159370664695493934899192161 22054387793178556965741705908000
13410429811107175019924676801632917 41390215466380169814582335807509 13047356164547233203681474501962974 779190250718730797036680511040909 18909133447609947517474528000077
13410429811107175019924676801632917 41390215466380169814582335807509 13047356164547233203681474501962974 369022240586917641100029777988817 1037721395841866850160205924875
13410429811107175019924676801632917 41390215466380169814582335807509 13047356164547233203681474501962974 1456815312790802278790950382812692 35104406163600468984523882556843
13410429811107175019924676801632917 41390215466380169814582335807509 13047356164547233203681474501962974 1429508156537197778853785381726486 20037386581922091326722098968809
13410429811107175019924676801632917 41390215466380169814582335807509 13047356164547233203681474501962974 132001120629090232352859458891335 35917532978868010816753477187563
13410429811107175019924676801632917 41390215466380169814582335807509 13047356164547233203681474501962974 12003452374567587879577219494425325 10040641640643824532967488981635
13410429811107175019924676801632917 41390215466380169814582335807509 13047356164547233203681474501962974 2128609761106594682407087242200210 36512404573094432212878193401783
13410429811107175019924676801632917 41390215466380169814582335807509 13047356164547233203681474501962974 2687417961764909832339244722142235 38541328611390687415335747265041
13410429811107175019924676801632917 41390215466380169814582335807509 13047356164547233203681474501962974 6578184133201673667254546828440174 7601463912643620752065494667069
13410429811107175019924676801632917 41390215466380169814582335807509 13047356164547233203681474501962974 4077530987266082977544491620742483 31434642366790572987050387103746
13410429811107175019924676801632917 41390215466380169814582335807509 13047356164547233203681474501962974 6313626660581001955095114124445662 14957438367857109676122808164687
13410429811107175019924676801632917 41390215466380169814582335807509 13047356164547233203681474501962974 3009351625967802651212962816808350 35898188175709116906708441269269
13410429811107175019924676801632917 41390215466380169814582335807509 13047356164547233203681474501962974 12252397574752790278132710690018710 18111576149835163547404213559506
13410429811107175019924676801632917 41390215466380169814582335807509 13047356164547233203681474501962974 5685789180350223944225499330830318 27842216876401659111567763668658
13410429811107175019924676801632917 41390215466380169814582335807509 13047356164547233203681474501962974 8802604724852491576836723469709971 19096158740352860412290587837613
13410429811107175019924676801632917 41390215466380169814582335807509 13047356164547233203681474501962974 10325360027983146795392972415711017 515775406848751120240065976734
13410429811107175019924676801632917 41390215466380169814582335807509 13047356164547233203681474501962974 6140364639659997612456723900333327 14067751705995870981160868222251
13410429811107175019924676801632917 41390215466380169814582335807509 13047356164547233203681474501962974 12166114523544400225623315054269620 29605555494497713753273138006806
13410429811107175019924676801632917 41390215466380169814582335807509 13047356164547233203681474501962974 3997547151539193856727497666244263 20804077661226991467755881076248
13410429811107175019924676801632917 41390215466380169814582335807509 13047356164547233203681474501962974 5816108640344267502642310902662357 36530078060987894259618718969530
13410429811107175019924676801632917 41390215466380169814582335807509 13047356164547233203681474501962974 5436549305171693461963467266789405 33595136118587183211673470722589
13410429811107175019924676801632917 41390215466380169814582335807509 13047356164547233203681474501962974 1464514728788961190051917554588843 12473034381900065279072563001986
13410429811107175019924676801632917 41390215466380169814582335807509 13047356164547233203681474501962974 9215903778774306832919425141722753 12952517195442850244073540717164
13410429811107175019924676801632917 41390215466380169814582335807509 13047356164547233203681474501962974 1026218220609858035941117138654978 31601338258087362916879457246292
13410429811107175019924676801632917 41390215466380169814582335807509 13047356164547233203681474501962974 12187524670944148869685055296341573 5553417897023429943396461872613
13410429811107175019924676801632917 41390215466380169814582335807509 13047356164547233203681474501962974 4813780982271264960285328660195051 30132089079438983943445324017250
13410429811107175019924676801632917 41390215466380169814582335807509 13047356164547233203681474501962974 11682331152630452024536137913721188 31087360412880476354216783911242
13410429811107175019924676801632917 41390215466380169814582335807509 13047356164547233203681474501962974 4063087717689659923493952572313174 36539294914511884590087048541471
13410429811107175019924676801632917 41390215466380169814582335807509 13047356164547233203681474501962974 7377350219987016975532341593305375 9777808889650276656072431516729
13410429811107175019924676801632917 41390215466380169814582335807509 13047356164547233203681474501962974 9100054438252613440526050611698472 31008131823884055843272254634795
13410429811107175019924676801632917 41390215466380169814582335807509 13047356164547233203681474501962974 8761985587694527680433385451190930 7698052396950431207187974753635
13410429811107175019924676801632917 41390215466380169814582335807509 13047356164547233203681474501962974 8732844882459504395437485308806997 35424632198623305729717598418616
13410429811107175019924676801632917 41390215466380169814582335807509 13047356164547233203681474501962974 9164715326621707396968571413311236 38945478568886155979589521284317
13410429811107175019924676801632917 41390215466380169814582335807509 13047356164547233203681474501962974 10925671154672194257597403079824334 24241429708241844813751844082899
13410429811107175019924676801632917 41390215466380169814582335807509 13047356164547233203681474501962974 3925089605228179319190882256431620 33040752657618376654537680485715
13410429811107175019924676801632917 41390215466380169814582335807509 13047356164547233203681474501962974 2617397001562321924086862754435441 30965090940551190489666541316019
13410429811107175019924676801632917 41390215466380169814582335807509 13047356164547233203681474501962974 409037432129643408632150215092234 7519784993355505965529024105980
13410429811107175019924676801632917 41390215466380169814582335807509 13047356164547233203681474501962974 6284804637918076041077304693244253 5548631474436743441873768437571
13410429811107175019924676801632917 41390215466380169814582335807509 13047356164547233203681474501962974 11714777868036922409832107997070531 27992358972663823340527882080538
13410429811107175019924676801632917 41390215466380169814582335807509 13047356164547233203681474501962974 4504560578305353197818199677606409 38886123442017246070461205999246
13410429811107175019924676801632917 41390215466380169814582335807509 13047356164547233203681474501962974 2741262785304474523602361231410168 9573808878542824385753641741477
13410429811107175019924676801632917 41390215466380169814582335807509 13047356164547233203681474501962974 11395573582947499412131091642840019 21071570979620769377008067180576
13410429811107175019924676801632917 41390215466380169814582335807509 13047356164547233203681474501962974 1841313936221620139206772173055213 1032803790602738002830800044703
13410429811107175019924676801632917 41390215466380169814582335807509 13047356164547233203681474501962974 7106106964345021481851486051014626 20028977648173188333886082199532
13410429811107175019924676801632917 41390215466380169814582335807509 13047356164547233203681474501962974 7311221596273624099992675518442034 8411847369441171656942516034373
13410429811107175019924676801632917 41390215466380169814582335807509 13047356164547233203681474501962974 6887624490911122888212070720617669 35645444709098835855775161435050
13410429811107175019924676801632917 41390215466380169814582335807509 13047356164547233203681474501962974 3285605227264382901376284859540057 24312601719961769903428013624100
13410429811107175019924676801632917 41390215466380169814582335807509 13047356164547233203681474501962974 3047487827544228846721168948152389 9496482602417228183905284710365
13410429811107175019924676801632917 41390215466380169814582335807509 13047356164547233203681474501962974 192138189372762603950415982100883 17382894739216960588262992069844
13410429811107175019924676801632917 41390215466380169814582335807509 13047356164547233203681474501962974 13029516254257260216661411087922975 22422537442346836454083558636791
13410429811107175019924676801632917 41390215466380169814582335807509 13047356164547233203681474501962974 4899815774474985017596221931279052 1481754801309679090828885888766
13410429811107175019924676801632917 41390215466380169814582335807509 13047356164547233203681474501962974 4446541236913347055934187506173236 30820893924458909574864965842883
13410429811107175019924676801632917 41390215466380169814582335807509 13047356164547233203681474501962974 1428224534150699748568638639482087 14844633222327106282445505866933
13410429811107175019924676801632917 41390215466380169814582335807509 13047356164547233203681474501962974 8919264917668174685483406943880010 35191401299486268163042779520113
13410429811107175019924676801632917 41390215466380169814582335807509 13047356164547233203681474501962974 1509753420793164706026664540955959 38100631066634395638440203410479
13410429811107175019924676801632917 41390215466380169814582335807509 13047356164547233203681474501962974 9660920258617726832059092473575030 1164402980243421123186269680197
13410429811107175019924676801632917 41390215466380169814582335807509 13047356164547233203681474501962974 11379839339032977899865735222002559 29493687038020625476858421947398
13410429811107175019924676801632917 41390215466380169814582335807509 13047356164547233203681474501962974 6720424659308212563550297839498390 40135545199419763538615301453259
13410429811107175019924676801632917 41390215466380169814582335807509 13047356164547233203681474501962974 6876788668845192111660669113020832 4839962385647199415003910099963
13410429811107175019924676801632917 41390215466380169814582335807509 13047356164547233203681474501962974 5798856208297943842538607436882018 26556855637521394534568399310638
13410429811107175019924676801632917 41390215466380169814582335807509 13047356164547233203681474501962974 7312182355406883838713249534842774 41364220866893001942311724194123
13410429811107175019924676801632917 41390215466380169814582335807509 13047356164547233203681474501962974 91082084964099307256755699041037 24467694632701601033635652968821
13410429811107175019924676801632917 41390215466380169814582335807509 13047356164547233203681474501962974 12580671900945770615126863613646101 5092663529730202107946926612757
13410429811107175019924676801632917 41390215466380169814582335807509 13047356164547233203681474501962974 8959381294940566704306467269169392 20047381074471580970575835811519
13410429811107175019924676801632917 41390215466380169814582335807509 13047356164547233203681474501962974 1499013124212003306388589701168684 22769312676432903560746333092464
13410429811107175019924676801632917 41390215466380169814582335807509 13047356164547233203681474501962974 10457722468533172303308742940973668 19105931990263853872263439955168
13410429811107175019924676801632917 41390215466380169814582335807509 13047356164547233203681474501962974 8510181786329002359122162812160190 33124423571512116844120187840697
13410429811107175019924676801632917 41390215466380169814582335807509 13047356164547233203681474501962974 1991632636952271027146722259084494 5742112531539294352824478049763
13410429811107175019924676801632917 41390215466380169814582335807509 13047356164547233203681474501962974 2790075314553201763074794874119006 31477590135975528382093614502442
13410429811107175019924676801632917 41390215466380169814582335807509 13047356164547233203681474501962974 1411793171464462691200715508389701 25463852557599359230323439121924
13410429811107175019924676801632917 41390215466380169814582335807509 13047356164547233203681474501962974 5852262133820736269863128844402225 13626502035555413257544296851893
13410429811107175019924676801632917 41390215466380169814582335807509 13047356164547233203681474501962974 6193514579148432927370911548695264 34732693570114031471341508460787
13410429811107175019924676801632917 41390215466380169814582335807509 13047356164547233203681474501962974 5065337615851772170880218840571566 24565233510651970283545999910968
13410429811107175019924676801632917 41390215466380169814582335807509 13047356164547233203681474501962974 5605116880619884945989691728950125 37941483201880252620215217002176
13410429811107175019924676801632917 41390215466380169814582335807509 13047356164547233203681474501962974 927550554024009282817820668836283 37159569628903820754386568833832
120096111610340553195784235667393173 291495416529952799018893775891731 70506784420242908571233510924331377 100637951020603718333504350178256931 63200093488266672157323149050645
120096111610340553195784235667393173 291495416529952799018893775891731 70506784420242908571233510924331377 39684916844143370003379028205012028 40140204629689673203978868119196
120096111610340553195784235667393173 291495416529952799018893775891731 70506784420242908571233510924331377 81975826600897124325914000579548914 75608832804653460386169308832063
120096111610340553195784235667393173 291495416529952799018893775891731 70506784420242908571233510924331377 9593499408914721871685275315443464 212159770194115802051793800749534
120096111610340553195784235667393173 291495416529952799018893775891731 70506784420242908571233510924331377 7973942087498473477516136135480601 140431318140063670981423672379081
120096111610340553195784235667393173 291495416529952799018893775891731 70506784420242908571233510924331377 22514619359766993739308999499745247 168050406803236684744501525795921
120096111610340553195784235667393173 291495416529952799018893775891731 70506784420242908571233510924331377 95323345231084966130543888535209417 11676267691095885316262278514184
120096111610340553195784235667393173 291495416529952799018893775891731 70506784420242908571233510924331377 112513970853541117106732633941276174 196954327506070996937437485692766
120096111610340553195784235667393173 291495416529952799018893775891731 70506784420242908571233510924331377 73957279850899162326877228466789731 160320199729601589971522260031086
120096111610340553195784235667393173 291495416529952799018893775891731 70506784420242908571233510924331377 47892716833820090851117891691038089 180200895835756256707556216711721
120096111610340553195784235667393173 291495416529952799018893775891731 70506784420242908571233510924331377 75453397552670625923344045692738626 272077153878728986970318090259515
120096111610340553195784235667393173 291495416529952799018893775891731 70506784420242908571233510924331377 6197087045671272180937249793491065 285374716345128623209163225450502
120096111610340553195784235667393173 291495416529952799018893775891731 70506784420242908571233510924331377 36204705741197421742421382173668158 154906863484607693810704297227504
120096111610340553195784235667393173 291495416529952799018893775891731 70506784420242908571233510924331377 58549021643199628676231258703443711 142979829553632213328045895283134
120096111610340553195784235667393173 291495416529952799018893775891731 70506784420242908571233510924331377 100180432886188103127948880568863357 142313017070874868496156213645267
120096111610340553195784235667393173 291495416529952799018893775891731 70506784420242908571233510924331377 43999688336372648650117139527425524 10879900158456670850371136672555
120096111610340553195784235667393173 291495416529952799018893775891731 70506784420242908571233510924331377 72862430918417275291657195301113816 247209107496231561972401326936695
120096111610340553195784235667393173 291495416529952799018893775891731 70506784420242908571233510924331377 102278727414389637969073452615542551 255007965015797228047789059894139
120096111610340553195784235667393173 291495416529952799018893775891731 70506784420242908571233510924331377 93359760840206957022548126906836324 178687587527813794133811450367959
120096111610340553195784235667393173 291495416529952799018893775891731 70506784420242908571233510924331377 72513351601146468904329906568604719 182942528392343855526509190100447
120096111610340553195784235667393173 291495416529952799018893775891731 70506784420242908571233510924331377 31077573684448931852942563115940248 235216895185255259396484148645569
120096111610340553195784235667393173 291495416529952799018893775891731 70506784420242908571233510924331377 54083880720095532991096328467073463 164035901618567124844242383017021
120096111610340553195784235667393173 291495416529952799018893775891731 70506784420242908571233510924331377 112980242108460947510760675403262455 87747309758442345614600463964234
120096111610340553195784235667393173 291495416529952799018893775891731 70506784420242908571233510924331377 76319674289988543533900827669310725 111306037625824190419892084952509
120096111610340553195784235667393173 291495416529952799018893775891731 70506784420242908571233510924331377 2017250233870896500020786432927269 69200443107609100710026366368590
120096111610340553195784235667393173 291495416529952799018893775891731 70506784420242908571233510924331377 7449625077288229706828178941925518 152113434577737037504120181392235
120096111610340553195784235667393173 291495416529952799018893775891731 70506784420242908571233510924331377 85708548349676184484544674770351973 56283667033306133018070485890917
120096111610340553195784235667393173 291495416529952799018893775891731 70506784420242908571233510924331377 56202987714786207127629961172320593 262737925755112893564078678819538
120096111610340553195784235667393173 291495416529952799018893775891731 70506784420242908571233510924331377 42636304025585802926547386671985215 33654224469556063964420677086360
120096111610340553195784235667393173 291495416529952799018893775891731 70506784420242908571233510924331377 18416831211280989858509326777491597 96599881795128384193797456917830
120096111610340553195784235667393173 291495416529952799018893775891731 70506784420242908571233510924331377 19500073787767113792106970337406387 102038924047737319568597747635863
120096111610340553195784235667393173 291495416529952799018893775891731 70506784420242908571233510924331377 46095670555389517071275392170276610 54397650409093445411738382705843
120096111610340553195784235667393173 291495416529952799018893775891731 70506784420242908571233510924331377 7447404357468585292128228198843027 101458268310297896993152200987427
120096111610340553195784235667393173 291495416529952799018893775891731 70506784420242908571233510924331377 37181737837605375721008861669802336 150994733120224935934253545644177
120096111610340553195784235667393173 291495416529952799018893775891731 70506784420242908571233510924331377 91880212886865542175026362365473817 277301594005320006404335119451058
120096111610340553195784235667393173 291495416529952799018893775891731 70506784420242908571233510924331377 50388235958509838994470844576253577 256355495521869800909399503115797
120096111610340553195784235667393173 291495416529952799018893775891731 70506784420242908571233510924331377 77487853138267817850902775709312352 106383962534926395769466020815383
120096111610340553195784235667393173 291495416529952799018893775891731 70506784420242908571233510924331377 10229287542485468226058303004022341 290474550593006721287454755360329
120096111610340553195784235667393173 291495416529952799018893775891731 70506784420242908571233510924331377 62306032617686356328838724658553734 194688101050007653500831489735057
120096111610340553195784235667393173 291495416529952799018893775891731 70506784420242908571233510924331377 66262188093482264594138939160469159 11625649956654947456334764406669
120096111610340553195784235667393173 291495416529952799018893775891731 70506784420242908571233510924331377 52494935344666245618470917120956328 190969362569197427616489494619163
120096111610340553195784235667393173 291495416529952799018893775891731 70506784420242908571233510924331377 6261522054251405796704971400164195 156575391427390213073299136780277
120096111610340553195784235667393173 291495416529952799018893775891731 70506784420242908571233510924331377 36577915140112965801716187748365022 22794562961875215095734181469324
120096111610340553195784235667393173 291495416529952799018893775891731 70506784420242908571233510924331377 118526521642569698175936303178697159 72866484320265793202544751483741
120096111610340553195784235667393173 291495416529952799018893775891731 70506784420242908571233510924331377 44556627609966232733739452874662010 273804808526235914541941944116466
120096111610340553195784235667393173 291495416529952799018893775891731 70506784420242908571233510924331377 97237012286620443135202579901807610 175691184753615353723627253835314
120096111610340553195784235667393173 291495416529952799018893775891731 70506784420242908571233510924331377 49855005492262777425066611953477506 76578408451685402265854216872201
120096111610340553195784235667393173 291495416529952799018893775891731 70506784420242908571233510924331377 41798925255959482243912551620605842 68199078294528057076758825741055
120096111610340553195784235667393173 291495416529952799018893775891731 70506784420242908571233510924331377 2531928183262399749456408390074492 199738402570131844595129145579395
120096111610340553195784235667393173 291495416529952799018893775891731 70506784420242908571233510924331377 1196596172431157430255888981388995 87109277871690267287358560959529
120096111610340553195784235667393173 291495416529952799018893775891731 70506784420242908571233510924331377 15806950614572627663642253474620639 135435699363452204864130653160425
120096111610340553195784235667393173 291495416529952799018893775891731 70506784420242908571233510924331377 38051355960877099546663546867740611 84819711513088095629563441295349
120096111610340553195784235667393173 291495416529952799018893775891731 70506784420242908571233510924331377 93910043041672321747042475082719413 235571149619420324035026872027243
120096111610340553195784235667393173 291495416529952799018893775891731 70506784420242908571233510924331377 116954466823222195432710345973854725 107457437039732574115879794280229
120096111610340553195784235667393173 291495416529952799018893775891731 70506784420242908571233510924331377 38906155874438265099904302225840499 128828120200407560494585186909790
120096111610340553195784235667393173 291495416529952799018893775891731 70506784420242908571233510924331377 26514829238498976392538246758639810 181223026358321456091972138173214
120096111610340553195784235667393173 291495416529952799018893775891731 70506784420242908571233510924331377 101920011688266547726668703425171737 58712011395155565688269867948319
120096111610340553195784235667393173 291495416529952799018893775891731 70506784420242908571233510924331377 44902031488261415185134569870525090 133728805586435607228701518757106
120096111610340553195784235667393173 291495416529952799018893775891731 70506784420242908571233510924331377 25847324440900772915577569910335979 278978862292882448154243476082081
120096111610340553195784235667393173 291495416529952799018893775891731 70506784420242908571233510924331377 11894132108689325717954812244721046 23824752484271805383113761660413
120096111610340553195784235667393173 291495416529952799018893775891731 70506784420242908571233510924331377 84025629462149129967075524065304640 163828408490445889655773614722939
120096111610340553195784235667393173 291495416529952799018893775891731 70506784420242908571233510924331377 16190018766969384581831402103852738 12310638180705641001206144396587
120096111610340553195784235667393173 291495416529952799018893775891731 70506784420242908571233510924331377 59834736290811479235339403815939241 72401856133869897999222393763407
120096111610340553195784235667393173 291495416529952799018893775891731 70506784420242908571233510924331377 81863168870373739378971080673493126 232623892656147386109363500475013
120096111610340553195784235667393173 291495416529952799018893775891731 70506784420242908571233510924331377 25227755517601355657555911401669537 184008327998118417982920847130138
120096111610340553195784235667393173 291495416529952799018893775891731 70506784420242908571233510924331377 98079962943494914076779500570993073 209074673555036172733679877228512
120096111610340553195784235667393173 291495416529952799018893775891731 70506784420242908571233510924331377 30088961189349639153554067570255747 56436698412165624267643835194109
120096111610340553195784235667393173 291495416529952799018893775891731 70506784420242908571233510924331377 4819965313891949788488617639303580 111373815356717756434563182434372
120096111610340553195784235667393173 291495416529952799018893775891731 70506784420242908571233510924331377 113500991890601415573107977019976826 229122843097844650468589809728428
120096111610340553195784235667393173 291495416529952799018893775891731 70506784420242908571233510924331377 108894994990021183401300666221071370 137960563405052035120017937546076
120096111610340553195784235667393173 291495416529952799018893775891731 70506784420242908571233510924331377 54784990816144256798159860030724689 130392525241192205389228594808817
120096111610340553195784235667393173 291495416529952799018893775891731 70506784420242908571233510924331377 29006842549997209055475238997993308 104783921648825099069400259279847
120096111610340553195784235667393173 291495416529952799018893775891731 70506784420242908571233510924331377 49062907537925791412071355190889780 237528007817936519460846166229709
120096111610340553195784235667393173 291495416529952799018893775891731 70506784420242908571233510924331377 102670464340645717033031045384072264 271827620740205685669084935605190
120096111610340553195784235667393173 291495416529952799018893775891731 70506784420242908571233510924331377 76918615977273356043849877287618603 134858182726940378684336473346836
120096111610340553195784235667393173 291495416529952799018893775891731 70506784420242908571233510924331377 113772199724349799172024852359407916 284590695109146789595582487435054
120096111610340553195784235667393173 291495416529952799018893775891731 70506784420242908571233510924331377 72943371120490813476168629103311471 217316597623986741934201819911372
120096111610340553195784235667393173 291495416529952799018893775891731 70506784420242908571233510924331377 80581193909497997906602463915954888 217062217878833902348988332101575
120096111610340553195784235667393173 291495416529952799018893775891731 70506784420242908571233510924331377 16554277522942419171141948421498054 290748577610795923453300896076246
120096111610340553195784235667393173 291495416529952799018893775891731 70506784420242908571233510924331377 107722632129317251759589409288836672 276660420470244236581251575802044
120096111610340553195784235667393173 291495416529952799018893775891731 70506784420242908571233510924331377 93534312496838988224071924794816375 41208808708572453076219389580272
120096111610340553195784235667393173 291495416529952799018893775891731 70506784420242908571233510924331377 67389187063182486193456959657577513 254666605248478958572504103250518
120096111610340553195784235667393173 291495416529952799018893775891731 70506784420242908571233510924331377 91455574364147042423717347943319710 7559819117652191625425395416277
120096111610340553195784235667393173 291495416529952799018893775891731 70506784420242908571233510924331377 49438272037046539334934015309101889 104084174182883712027723158152497
120096111610340553195784235667393173 291495416529952799018893775891731 70506784420242908571233510924331377 29996745552456751127285702813598699 50602876381575614726303954080902
120096111610340553195784235667393173 291495416529952799018893775891731 70506784420242908571233510924331377 33029465777758737692762191498466516 158282999382710977602846968623866
120096111610340553195784235667393173 291495416529952799018893775891731 70506784420242908571233510924331377 14569075210272771817854323822799450 149415982746174681328357681615783
120096111610340553195784235667393173 291495416529952799018893775891731 70506784420242908571233510924331377 24190586794522885910032293076408402 257766718770741774302283939223674
120096111610340553195784235667393173 291495416529952799018893775891731 70506784420242908571233510924331377 81180810330490362212291176340785096 254158922363201250453410593424424
120096111610340553195784235667393173 291495416529952799018893775891731 70506784420242908571233510924331377 67002695032142985073949885840054014 98886813333354960385210713209010
120096111610340553195784235667393173 291495416529952799018893775891731 70506784420242908571233510924331377 6253344607620098537488392661629652 138192231701552439318335638972801
120096111610340553195784235667393173 291495416529952799018893775891731 70506784420242908571233510924331377 50418205649375219602894572701907230 3480265249451201790065277598048
120096111610340553195784235667393173 291495416529952799018893775891731 70506784420242908571233510924331377 19811455283602695344407278446818601 77742120753753470339183392911630
120096111610340553195784235667393173 291495416529952799018893775891731 70506784420242908571233510924331377 91562088174639857422980528814938825 60776820313103659543179676062751
120096111610340553195784235667393173 291495416529952799018893775891731 70506784420242908571233510924331377 57901611233070225113338649442720543 273392283347851374091094171753153
120096111610340553195784235667393173 291495416529952799018893775891731 70506784420242908571233510924331377 53945937112562963150529987693909386 283412969129370861855955603458754
120096111610340553195784235667393173 291495416529952799018893775891731 70506784420242908571233510924331377 35238855089189957495121526608040861 25273197779744463835756367148359
120096111610340553195784235667393173 291495416529952799018893775891731 70506784420242908571233510924331377 59230476204060070448633689137884226 111023626597623973077321195211367
120096111610340553195784235667393173 291495416529952799018893775891731 70506784420242908571233510924331377 111544305744577795640273122574232301 195412284366644184189068848328246
120096111610340553195784235667393173 291495416529952799018893775891731 70506784420242908571233510924331377 58332578865398976837177772977300935 190042176247053818855217334115771
693192864509411909552959446916012573 4443544003265460958672816967410337 546164230222978334707854447055416944 569324705349483459488302659483183387 3006552821265481599391603090604180
693192864509411909552959446916012573 4443544003265460958672816967410337 546164230222978334707854447055416944 585034786137477173491109742479402579 4312098339568717515648854659260256
693192864509411909552959446916012573 4443544003265460958672816967410337 546164230222978334707854447055416944 661452543274916615895834629551649777 4016122684710905783005839899616901
693192864509411909552959446916012573 4443544003265460958672816967410337 546164230222978334707854447055416944 531794546605313182620211063709855913 3591975929140617535016477084333700
693192864509411909552959446916012573 4443544003265460958672816967410337 546164230222978334707854447055416944 87496813618107844645226906358244130 1905573424356882216685805334341975
693192864509411909552959446916012573 4443544003265460958672816967410337 546164230222978334707854447055416944 394265085303555708944657469015630309 2012560605193617493795067252831273
693192864509411909552959446916012573 4443544003265460958672816967410337 546164230222978334707854447055416944 443858351741922769837545221565226474 3347445652598063115381392848264101
693192864509411909552959446916012573 4443544003265460958672816967410337 546164230222978334707854447055416944 526194315198600992341872906974983611 133369782988797218561488234610173
693192864509411909552959446916012573 4443544003265460958672816967410337 546164230222978334707854447055416944 408479566175412868710145874329213668 1613974123876079333361530564376511
693192864509411909552959446916012573 4443544003265460958672816967410337 546164230222978334707854447055416944 160952498741020785153282698916037446 1811238303477556982180407247837277
693192864509411909552959446916012573 4443544003265460958672816967410337 546164230222978334707854447055416944 126142988611351915753965715461340593 3338018658791688292392494040076416
693192864509411909552959446916012573 4443544003265460958672816967410337 546164230222978334707854447055416944 663631131203244181793112891707568207 2246929926630105400723207695286258
693192864509411909552959446916012573 4443544003265460958672816967410337 546164230222978334707854447055416944 44855126674214264547158742217515026 2477011827402517734561679743482569
693192864509411909552959446916012573 4443544003265460958672816967410337 546164230222978334707854447055416944 442942591560506492947598718203005221 1189352409940371833183942473770017
693192864509411909552959446916012573 4443544003265460958672816967410337 546164230222978334707854447055416944 666750629698524691575473543023977703 344331258803536298874797536069661
693192864509411909552959446916012573 4443544003265460958672816967410337 546164230222978334707854447055416944 388831879120450942518120503061547003 1084226742986819245078993095547617
693192864509411909552959446916012573 4443544003265460958672816967410337 546164230222978334707854447055416944 339129741458386434599423617825705777 1668519975770551363204603249349034
693192864509411909552959446916012573 4443544003265460958672816967410337 546164230222978334707854447055416944 251146368128434652052058365378149241 669141825567637163740623164761224
693192864509411909552959446916012573 4443544003265460958672816967410337 546164230222978334707854447055416944 374536478021305199324815404466457130 1759494724924846419696974730949424
693192864509411909552959446916012573 4443544003265460958672816967410337 546164230222978334707854447055416944 580518738411460426852770973308824150 3066364727641073360605566344628466
693192864509411909552959446916012573 4443544003265460958672816967410337 546164230222978334707854447055416944 616829675534774481872562542977329462 2856752407987235052395675860774496
693192864509411909552959446916012573 4443544003265460958672816967410337 546164230222978334707854447055416944 383052806327819717124451959592409980 1572862689020365548105900051544211
693192864509411909552959446916012573 4443544003265460958672816967410337 546164230222978334707854447055416944 506065690495696034873924542079937650 761807337866722655302211579561744
693192864509411909552959446916012573 4443544003265460958672816967410337 546164230222978334707854447055416944 687806742981251327797232626660931327 3684464173575445124340409840012310
693192864509411909552959446916012573 4443544003265460958672816967410337 546164230222978334707854447055416944 617431759062721950471248163484925935 500631735335428547413977868060771
693192864509411909552959446916012573 4443544003265460958672816967410337 546164230222978334707854447055416944 566706943887220844517902067814702732 2177296940404177890013150717534620
693192864509411909552959446916012573 4443544003265460958672816967410337 546164230222978334707854447055416944 23723269950537704469687154154306005 3195922082867206500831433815726594
693192864509411909552959446916012573 4443544003265460958672816967410337 546164230222978334707854447055416944 599599107813526347502319806697467611 2924210151202794821516678144034136
693192864509411909552959446916012573 4443544003265460958672816967410337 546164230222978334707854447055416944 123644776258005032290088568316727383 4226476802727254960830470539252826
693192864509411909552959446916012573 4443544003265460958672816967410337 546164230222978334707854447055416944 589257210295832752625689739827582256 4171991856740453641891100111776080
693192864509411909552959446916012573 4443544003265460958672816967410337 546164230222978334707854447055416944 580902700973650171201117677980444819 265584646782632560576040368550866
693192864509411909552959446916012573 4443544003265460958672816967410337 546164230222978334707854447055416944 166833666980234708483948595831959465 2801468327340356809766558428808849
693192864509411909552959446916012573 4443544003265460958672816967410337 546164230222978334707854447055416944 62956170954131570498702212659562164 2728601040676434055253634473366333
693192864509411909552959446916012573 4443544003265460958672816967410337 546164230222978334707854447055416944 561356622857659329654739905727963769 1871903631655239466252035771403302
693192864509411909552959446916012573 4443544003265460958672816967410337 546164230222978334707854447055416944 180929934111196198235542991324611658 1807984710283164720115402789433210
693192864509411909552959446916012573 4443544003265460958672816967410337 546164230222978334707854447055416944 74001273382321808735408010730377683 2938041174992252889466728408621511
693192864509411909552959446916012573 4443544003265460958672816967410337 546164230222978334707854447055416944 687053744252498627140085241251458124 2669034917884383019369351097154247
693192864509411909552959446916012573 4443544003265460958672816967410337 546164230222978334707854447055416944 672026192650932384131306143111060022 222434584534806269006140527188211
693192864509411909552959446916012573 4443544003265460958672816967410337 546164230222978334707854447055416944 133883670095284961434198899603647724 1924298858936942122896911041486874
693192864509411909552959446916012573 4443544003265460958672816967410337 546164230222978334707854447055416944 596191209489164756277742176666986983 1376245845535987491814814870593598
693192864509411909552959446916012573 4443544003265460958672816967410337 546164230222978334707854447055416944 278215655316911018577083998333993119 3804373041624265892130211110287824
693192864509411909552959446916012573 4443544003265460958672816967410337 546164230222978334707854447055416944 167383098413411260428439719715549792 3999352399289796128733202565035510
693192864509411909552959446916012573 4443544003265460958672816967410337 546164230222978334707854447055416944 620066931056934178315882155848433048 1588366460334986533515797269787347
693192864509411909552959446916012573 4443544003265460958672816967410337 546164230222978334707854447055416944 378232012411262654888477332333980401 2582121301328969184960736026944146
693192864509411909552959446916012573 4443544003265460958672816967410337 546164230222978334707854447055416944 329941566894574164393350666843609634 720399852836258851816850073547330
693192864509411909552959446916012573 4443544003265460958672816967410337 546164230222978334707854447055416944 506736653525349730911552180077643141 2080152207969784257535133915975470
693192864509411909552959446916012573 4443544003265460958672816967410337 546164230222978334707854447055416944 521345841524076688464913794781597780 1717865053020458686836362682120816
693192864509411909552959446916012573 4443544003265460958672816967410337 546164230222978334707854447055416944 35517820462172903452924174248620543 3602344017214587795419268488293595
693192864509411909552959446916012573 4443544003265460958672816967410337 546164230222978334707854447055416944 282972917519057595026261042801255577 2609877289756532846977783450541211
693192864509411909552959446916012573 4443544003265460958672816967410337 546164230222978334707854447055416944 208413866583903970452186904857485022 3477242080057535067314393735973640
693192864509411909552959446916012573 4443544003265460958672816967410337 546164230222978334707854447055416944 339633860272914945854944234377904672 3915395079724982665093441508207735
693192864509411909552959446916012573 4443544003265460958672816967410337 546164230222978334707854447055416944 124607279722504652210376810188229838 4128209685052977369245421311847404
693192864509411909552959446916012573 4443544003265460958672816967410337 546164230222978334707854447055416944 540401981438122710746946542349920968 3041451907926279650571299425715886
693192864509411909552959446916012573 4443544003265460958672816967410337 546164230222978334707854447055416944 472853855638139286478565137998500271 3512110848407919143891848467837259
693192864509411909552959446916012573 4443544003265460958672816967410337 546164230222978334707854447055416944 301193088522268571688471856412083456 516843131354840451215196828419128
693192864509411909552959446916012573 4443544003265460958672816967410337 546164230222978334707854447055416944 293912100297677608705230966307409868 768957256088519749781460450595088
693192864509411909552959446916012573 4443544003265460958672816967410337 546164230222978334707854447055416944 598383433313641864893082784070794443 930079951803012634051586399373307
693192864509411909552959446916012573 4443544003265460958672816967410337 546164230222978334707854447055416944 339760487257515985942809462227884978 2349145702250541594368114840390866
693192864509411909552959446916012573 4443544003265460958672816967410337 546164230222978334707854447055416944 243328517201893855266477184412830954 4182763149817093026646509389509034
693192864509411909552959446916012573 4443544003265460958672816967410337 546164230222978334707854447055416944 139771504130212621789613610677273381 2525311165258325842368798925823009
693192864509411909552959446916012573 4443544003265460958672816967410337 546164230222978334707854447055416944 519532613876777045951264074940883794 386635393355983356219659345176017
693192864509411909552959446916012573 4443544003265460958672816967410337 546164230222978334707854447055416944 665194828944304291050217933139372316 411637179723359143460138909414077
693192864509411909552959446916012573 4443544003265460958672816967410337 546164230222978334707854447055416944 588400453360415815590123391197111383 4088300650801314090225182580952661
693192864509411909552959446916012573 4443544003265460958672816967410337 546164230222978334707854447055416944 534651610182431969175575474700522322 3910296124695423051954533482450142
693192864509411909552959446916012573 4443544003265460958672816967410337 546164230222978334707854447055416944 27340476059858938472891084856426114 1294594439204983819810837907916998
693192864509411909552959446916012573 4443544003265460958672816967410337 546164230222978334707854447055416944 585088974485396533591639704884017089 275111026357352946194230514738616
693192864509411909552959446916012573 4443544003265460958672816967410337 546164230222978334707854447055416944 212006417804809932638464241246835148 737151711742512332235569824472536
693192864509411909552959446916012573 4443544003265460958672816967410337 546164230222978334707854447055416944 393690540164994418860483817516410376 1228639197131209325256567607162153
693192864509411909552959446916012573 4443544003265460958672816967410337 546164230222978334707854447055416944 642607631674795224988585442663139804 3509803887082816145612836836945061
693192864509411909552959446916012573 4443544003265460958672816967410337 546164230222978334707854447055416944 461389462209724696067597298636272096 1261828265774804884137955102130464
693192864509411909552959446916012573 4443544003265460958672816967410337 546164230222978334707854447055416944 465875125817717820337094574741971890 3358189530241302338915418107614035
693192864509411909552959446916012573 4443544003265460958672816967410337 546164230222978334707854447055416944 218899826048384392345455555502125305 1642546091696582157650863693043873
693192864509411909552959446916012573 4443544003265460958672816967410337 546164230222978334707854447055416944 475443252973258651863661191151372174 1712628194471438775638235643206777
693192864509411909552959446916012573 4443544003265460958672816967410337 546164230222978334707854447055416944 72907897744980646213187407706092898 421606282685437810536249027482238
693192864509411909552959446916012573 4443544003265460958672816967410337 546164230222978334707854447055416944 41177460335923684356282278557182927 1526032366921836873200019844342545
693192864509411909552959446916012573 4443544003265460958672816967410337 546164230222978334707854447055416944 208286822601793003565152895324907435 2662533002338464089600878233281743
693192864509411909552959446916012573 4443544003265460958672816967410337 546164230222978334707854447055416944 248663102601313078961518344192821277 747510058588869540150556718152498
693192864509411909552959446916012573 4443544003265460958672816967410337 546164230222978334707854447055416944 396737690716958129963944645454788657 1695341028017173823140124572629844
693192864509411909552959446916012573 4443544003265460958672816967410337 546164230222978334707854447055416944 490925438474181742444370274134473279 647335540115806338881482044473287
693192864509411909552959446916012573 4443544003265460958672816967410337 546164230222978334707854447055416944 602320113509451523952235707503898343 298007545531547383760824859994831
693192864509411909552959446916012573 4443544003265460958672816967410337 546164230222978334707854447055416944 392956939637406523926909340772168167 3318881069549166495604876437691583
693192864509411909552959446916012573 4443544003265460958672816967410337 546164230222978334707854447055416944 423581958970128432760553413220731611 1590777947184074653616223208054664
693192864509411909552959446916012573 4443544003265460958672816967410337 546164230222978334707854447055416944 254606292896940290298583297723404255 3000504566478207899163489072529697
693192864509411909552959446916012573 4443544003265460958672816967410337 546164230222978334707854447055416944 385985844278762855141064537521162654 445682815803208480760204538259180
693192864509411909552959446916012573 4443544003265460958672816967410337 546164230222978334707854447055416944 418739570827311372024492784103468123 1966545740903342306304728930005193
693192864509411909552959446916012573 4443544003265460958672816967410337 546164230222978334707854447055416944 323559727929807148591710559143614670 734536212919062624679658365042744
693192864509411909552959446916012573 4443544003265460958672816967410337 546164230222978334707854447055416944 124217049240904995485539851785061524 1662655169158904433658938175343482
693192864509411909552959446916012573 4443544003265460958672816967410337 546164230222978334707854447055416944 120222907671692105869284064964480649 687027418851134887080140104609114
693192864509411909552959446916012573 4443544003265460958672816967410337 546164230222978334707854447055416944 652499921149636706096818231917329130 236545250265449041382648907184612
693192864509411909552959446916012573 4443544003265460958672816967410337 546164230222978334707854447055416944 105160601891596649918692455942359192 1848411180466339087819649971629900
693192864509411909552959446916012573 4443544003265460958672816967410337 546164230222978334707854447055416944 374484110734985681860217895581053235 641409337334928690549951586606312
693192864509411909552959446916012573 4443544003265460958672816967410337 546164230222978334707854447055416944 597400529418626626355814039346565958 2470499106352878834648042737916782
693192864509411909552959446916012573 4443544003265460958672816967410337 546164230222978334707854447055416944 48477594144911946387681990798096496 348233445157700349951366369193168
693192864509411909552959446916012573 4443544003265460958672816967410337 546164230222978334707854447055416944 493697295859856645291149489872772110 4378528221508148889215447172571103
693192864509411909552959446916012573 4443544003265460958672816967410337 546164230222978334707854447055416944 547532581758635234148607100441477703 3249142800211697773761341854759399
693192864509411909552959446916012573 4443544003265460958672816967410337 546164230222978334707854447055416944 483699388567878354898509155505059611 3588010467856696205341368663428115
693192864509411909552959446916012573 4443544003265460958672816967410337 546164230222978334707854447055416944 423856889090782233250858532127851773 538822710212876665411277646881429
693192864509411909552959446916012573 4443544003265460958672816967410337 546164230222978334707854447055416944 432877172775209606208878462283052544 1641395934643330239725864904610854
693192864509411909552959446916012573 4443544003265460958672816967410337 546164230222978334707854447055416944 293644222165934193533715314728953141 229161795946187852876750585706846
693192864509411909552959446916012573 4443544003265460958672816967410337 546164230222978334707854447055416944 547136360187416716036498281333003094 3224727395017040382660505003996400
