12885128301645720284757892597552082147498786548012073 43530838856911217178236123640378655903712116716257 2692621329228201643953674328728228405828797431040934 10643412188724254915044889473410909152889320677151957 33590399836969072247024309185887340251780336503395
12885128301645720284757892597552082147498786548012073 43530838856911217178236123640378655903712116716257 2692621329228201643953674328728228405828797431040934 1067021946741603915223045582247026536693707350392948 40891741149688588828253158678142115395017925568413
12885128301645720284757892597552082147498786548012073 43530838856911217178236123640378655903712116716257 2692621329228201643953674328728228405828797431040934 3819544517197272483145248484822544529806566941685759 6139327472363035356992695414576024861388920808651
12885128301645720284757892597552082147498786548012073 43530838856911217178236123640378655903712116716257 2692621329228201643953674328728228405828797431040934 8702430054143275426641123395643207882943086792255088 14059767260320568165403055941006609101655557525415
12885128301645720284757892597552082147498786548012073 43530838856911217178236123640378655903712116716257 2692621329228201643953674328728228405828797431040934 5658565806741843986921505865770078494588083001698253 7134382494115174509240611168154882865130612490058
12885128301645720284757892597552082147498786548012073 43530838856911217178236123640378655903712116716257 2692621329228201643953674328728228405828797431040934 9003295844260030700031956047742452906700087815481006 30375639263471144779087616309150877888278170460463
12885128301645720284757892597552082147498786548012073 43530838856911217178236123640378655903712116716257 2692621329228201643953674328728228405828797431040934 12642509004138163472553444880514553233788201923505256 32760058442268192818814246549780741020032090478037
12885128301645720284757892597552082147498786548012073 43530838856911217178236123640378655903712116716257 2692621329228201643953674328728228405828797431040934 2442672105743815728912731742501223012443167607758094 9614511266640697357484605383731003962837051599312
12885128301645720284757892597552082147498786548012073 43530838856911217178236123640378655903712116716257 2692621329228201643953674328728228405828797431040934 3062780887170685864030311361898334700084973640759710 42409561002964105082055274076958889876948691018598
12885128301645720284757892597552082147498786548012073 43530838856911217178236123640378655903712116716257 2692621329228201643953674328728228405828797431040934 4114973146185388825150042893281491326439835943707503 26443656661839584730677910729561194905518741639227
12885128301645720284757892597552082147498786548012073 43530838856911217178236123640378655903712116716257 2692621329228201643953674328728228405828797431040934 11177065081466350668657939018887675261988185483555529 41442539230497447885501598832721372748016032296986
12885128301645720284757892597552082147498786548012073 43530838856911217178236123640378655903712116716257 2692621329228201643953674328728228405828797431040934 9797907619135442722517468099315313734258474824567386 38439874152093429902555680767294682668232477254439
12885128301645720284757892597552082147498786548012073 43530838856911217178236123640378655903712116716257 2692621329228201643953674328728228405828797431040934 5252865741811268574695117077455961555904196981835479 7078212198437854945614173045300120533099582207969
12885128301645720284757892597552082147498786548012073 43530838856911217178236123640378655903712116716257 2692621329228201643953674328728228405828797431040934 7366174259685623592001397480176554575562219654345576 18355444399394151396653743777662414521473988071382
12885128301645720284757892597552082147498786548012073 43530838856911217178236123640378655903712116716257 2692621329228201643953674328728228405828797431040934 8192819045145814085335004409281739208210928212423923 3877452791862912146070525558112405450365133381863
12885128301645720284757892597552082147498786548012073 43530838856911217178236123640378655903712116716257 2692621329228201643953674328728228405828797431040934 1010318126195950031659363649311579210075937071338538 36866597721413332674860984110636279772526736835339
12885128301645720284757892597552082147498786548012073 43530838856911217178236123640378655903712116716257 2692621329228201643953674328728228405828797431040934 10180908633782562774002324836097335779408178979324280 29540744825910800739564958471681339408200157457818
12885128301645720284757892597552082147498786548012073 43530838856911217178236123640378655903712116716257 2692621329228201643953674328728228405828797431040934 8687496458664820911409145674848491962115685523125576 34665027569897890010315011763679996218595319152952
12885128301645720284757892597552082147498786548012073 43530838856911217178236123640378655903712116716257 2692621329228201643953674328728228405828797431040934 1608253470981863468426531967009267867385437413947675 7454705771859725926566982919535820506856939851920
12885128301645720284757892597552082147498786548012073 43530838856911217178236123640378655903712116716257 2692621329228201643953674328728228405828797431040934 7729976440820794162087603309332442361083341431933166 6076407805108788983033432583197288583531337383780
12885128301645720284757892597552082147498786548012073 43530838856911217178236123640378655903712116716257 2692621329228201643953674328728228405828797431040934 754094405348991691450903616404230394697260589902023 35577994743671364183717113355998532441445370983685
12885128301645720284757892597552082147498786548012073 43530838856911217178236123640378655903712116716257 2692621329228201643953674328728228405828797431040934 11122916146602799088091260936805875552663247293330362 6395699619213400364406959114870551007305491201092
12885128301645720284757892597552082147498786548012073 43530838856911217178236123640378655903712116716257 2692621329228201643953674328728228405828797431040934 11858354035448292719834832905645142718453374819008009 22681151018399448791538050321999419965211396164706
12885128301645720284757892597552082147498786548012073 43530838856911217178236123640378655903712116716257 2692621329228201643953674328728228405828797431040934 4728088680328136253711511916221120147774622803783011 13916190471302538764526095089103000513470107705714
12885128301645720284757892597552082147498786548012073 43530838856911217178236123640378655903712116716257 2692621329228201643953674328728228405828797431040934 10884387390391504845707531688753992788446835666129291 7068184265028973166073220797165576889391056602798
12885128301645720284757892597552082147498786548012073 43530838856911217178236123640378655903712116716257 2692621329228201643953674328728228405828797431040934 8012556283892518687994779068337326519377687052068968 31691392481212604548633930704903705026844423245826
12885128301645720284757892597552082147498786548012073 43530838856911217178236123640378655903712116716257 2692621329228201643953674328728228405828797431040934 4117150550557957363359136092666045447000214886035875 17509513592736151784304319471221117876776477712698
12885128301645720284757892597552082147498786548012073 43530838856911217178236123640378655903712116716257 2692621329228201643953674328728228405828797431040934 7857133262624644827082338089808062590111737957531364 7961114297509702244014021453158935059696610161946
12885128301645720284757892597552082147498786548012073 43530838856911217178236123640378655903712116716257 2692621329228201643953674328728228405828797431040934 9155710698706671153137800354440551515965077771028114 16856268614350907876855729880639239436594289535127
12885128301645720284757892597552082147498786548012073 43530838856911217178236123640378655903712116716257 2692621329228201643953674328728228405828797431040934 151609172154846127878210967745462114986284146715820 22229349954485685581768268568029141288701362103961
12885128301645720284757892597552082147498786548012073 43530838856911217178236123640378655903712116716257 2692621329228201643953674328728228405828797431040934 4142153993989997009817869770355475987567132067306549 18241463723364123897121929222942894490170738318098
12885128301645720284757892597552082147498786548012073 43530838856911217178236123640378655903712116716257 2692621329228201643953674328728228405828797431040934 5564967510507012100601177738933710874389983641713730 13045802365983549354518846531105050524976327823013
12885128301645720284757892597552082147498786548012073 43530838856911217178236123640378655903712116716257 2692621329228201643953674328728228405828797431040934 1947888089636119792124749494018232950460173654785966 40714107124019179147670127590348851922085999073083
12885128301645720284757892597552082147498786548012073 43530838856911217178236123640378655903712116716257 2692621329228201643953674328728228405828797431040934 439725965061966092912168116648033745897792417109988 18923755525975110759995061990782581510112789866440
12885128301645720284757892597552082147498786548012073 43530838856911217178236123640378655903712116716257 2692621329228201643953674328728228405828797431040934 3467299887467006571576835716226977602794357977139236 1596478332487074012943368479969573268800190061
12885128301645720284757892597552082147498786548012073 43530838856911217178236123640378655903712116716257 2692621329228201643953674328728228405828797431040934 8999858250593950243056494835013626057004769973266637 24116777293896252448767215950557679839432543774333
12885128301645720284757892597552082147498786548012073 43530838856911217178236123640378655903712116716257 2692621329228201643953674328728228405828797431040934 11186660298516391252707322779003460755057886516022094 14376199542650649515191419730895016913305714385098
12885128301645720284757892597552082147498786548012073 43530838856911217178236123640378655903712116716257 2692621329228201643953674328728228405828797431040934 3282327594800822481101913011634177341572865431322090 25528397171262709259021179704482256064803309162778
12885128301645720284757892597552082147498786548012073 43530838856911217178236123640378655903712116716257 2692621329228201643953674328728228405828797431040934 1003497896674128905590458634585433011142245624225612 37063705495685198787915512806047258656730625480674
12885128301645720284757892597552082147498786548012073 43530838856911217178236123640378655903712116716257 2692621329228201643953674328728228405828797431040934 9186567975010839583824529334360853335692634183562616 22281963235282814044207214249094963802790065753225
12885128301645720284757892597552082147498786548012073 43530838856911217178236123640378655903712116716257 2692621329228201643953674328728228405828797431040934 7793145074900231742364981842917363005423147794386678 40633938243004613534159603087054556918141961233205
12885128301645720284757892597552082147498786548012073 43530838856911217178236123640378655903712116716257 2692621329228201643953674328728228405828797431040934 2801144920947519092431424569746462936595209097425195 7609758586005327978967825915766157835547137347274
12885128301645720284757892597552082147498786548012073 43530838856911217178236123640378655903712116716257 2692621329228201643953674328728228405828797431040934 3570201782399238282814367689735414583272403182579173 20758760560094409145987039854958169918010469640891
12885128301645720284757892597552082147498786548012073 43530838856911217178236123640378655903712116716257 2692621329228201643953674328728228405828797431040934 6977428817514573678566003557456244091777508483042719 18214886059608410125851752282989797254503657681284
12885128301645720284757892597552082147498786548012073 43530838856911217178236123640378655903712116716257 2692621329228201643953674328728228405828797431040934 11091960517552428005097183727463145597881326620106537 40282011254671281776728336990663904253722027545838
12885128301645720284757892597552082147498786548012073 43530838856911217178236123640378655903712116716257 2692621329228201643953674328728228405828797431040934 4167775322468124828681172999817759597508599635094879 9324252175337912390350679526827595659250059728821
12885128301645720284757892597552082147498786548012073 43530838856911217178236123640378655903712116716257 2692621329228201643953674328728228405828797431040934 508012904099534541365147806312723713514377945315198 27592914751168227132801314997170616865069860120860
12885128301645720284757892597552082147498786548012073 43530838856911217178236123640378655903712116716257 2692621329228201643953674328728228405828797431040934 12371133363188617919876330386461110444385796005963806 350239534910262107400989752387228931410343724525
12885128301645720284757892597552082147498786548012073 43530838856911217178236123640378655903712116716257 2692621329228201643953674328728228405828797431040934 676873494089513559073891076101644151948981953720575 25034103042921634645690475322015867101503270430904
12885128301645720284757892597552082147498786548012073 43530838856911217178236123640378655903712116716257 2692621329228201643953674328728228405828797431040934 11381286861395825070448849331358660436492249518947694 1940593512626399930422007994400937673321232066723
12885128301645720284757892597552082147498786548012073 43530838856911217178236123640378655903712116716257 2692621329228201643953674328728228405828797431040934 1045397885481623504585713569704596240652213731534015 12190712348173150348671751905123817481795419721047
12885128301645720284757892597552082147498786548012073 43530838856911217178236123640378655903712116716257 2692621329228201643953674328728228405828797431040934 1779374685402080293299816523431227003241459711231532 30320632899034927546484386259227094630901905246404
12885128301645720284757892597552082147498786548012073 43530838856911217178236123640378655903712116716257 2692621329228201643953674328728228405828797431040934 773371157161693635684424992892078000371616843348760 13572972116200701155435398755205646302556870808079
12885128301645720284757892597552082147498786548012073 43530838856911217178236123640378655903712116716257 2692621329228201643953674328728228405828797431040934 12750263479332677142904070079317737186750895958732576 34924291969106298357243969740239099454872116067189
12885128301645720284757892597552082147498786548012073 43530838856911217178236123640378655903712116716257 2692621329228201643953674328728228405828797431040934 3724116187888145811573780750751054821594209419219594 11344926845043822418035101972088307003087442518807
12885128301645720284757892597552082147498786548012073 43530838856911217178236123640378655903712116716257 2692621329228201643953674328728228405828797431040934 4582382653130524216763790799174155158863312962409936 4764476058520745213289253679254020353059133978920
12885128301645720284757892597552082147498786548012073 43530838856911217178236123640378655903712116716257 2692621329228201643953674328728228405828797431040934 1379099551642508551480387261835495197108144481067575 31076246958291895967630753754722206405665539144853
12885128301645720284757892597552082147498786548012073 43530838856911217178236123640378655903712116716257 2692621329228201643953674328728228405828797431040934 8925187244272538140234364601872829754487131041350244 15941031020377618430221144166655378765849304652332
12885128301645720284757892597552082147498786548012073 43530838856911217178236123640378655903712116716257 2692621329228201643953674328728228405828797431040934 8183247823715348616665667917484531624091453424910783 7130143717032680301764832208263443628077268250794
12885128301645720284757892597552082147498786548012073 43530838856911217178236123640378655903712116716257 2692621329228201643953674328728228405828797431040934 12032232140937168990818644606587571796195837013787567 20180867219980367816792842050074208375603612135640
12885128301645720284757892597552082147498786548012073 43530838856911217178236123640378655903712116716257 2692621329228201643953674328728228405828797431040934 9544513859198898907522539080671088770355149590862273 28741442069726041520944252462199890756124756922872
12885128301645720284757892597552082147498786548012073 43530838856911217178236123640378655903712116716257 2692621329228201643953674328728228405828797431040934 7761393418172539162050460301055187776653031941627010 29581596414355145335217229237291872794954628650436
12885128301645720284757892597552082147498786548012073 43530838856911217178236123640378655903712116716257 2692621329228201643953674328728228405828797431040934 11472628719432005843876848388323945301933041576683914 11129765899018000088573853198078136643761212366256
12885128301645720284757892597552082147498786548012073 43530838856911217178236123640378655903712116716257 2692621329228201643953674328728228405828797431040934 8902373925199007399281534095612384282000466582855498 40318514607553451345370756952736218769660479590566
12885128301645720284757892597552082147498786548012073 43530838856911217178236123640378655903712116716257 2692621329228201643953674328728228405828797431040934 4521199924278253834123466878811477316107147616545424 20289982729486855495878868283321874031383923949598
12885128301645720284757892597552082147498786548012073 43530838856911217178236123640378655903712116716257 2692621329228201643953674328728228405828797431040934 10196214721776705314799473509853036033714186349150820 39660492001806078736375097070820840607277108642344
12885128301645720284757892597552082147498786548012073 43530838856911217178236123640378655903712116716257 2692621329228201643953674328728228405828797431040934 4136650915987696312335449304919380717942744348977065 33195894085579203551843098940048609041680247749430
12885128301645720284757892597552082147498786548012073 43530838856911217178236123640378655903712116716257 2692621329228201643953674328728228405828797431040934 1430829079875417694974996033921426723805150147991570 15070044096378292497299023501565618053877123564431
12885128301645720284757892597552082147498786548012073 43530838856911217178236123640378655903712116716257 2692621329228201643953674328728228405828797431040934 3920080619392830899298963672001727315633240115624893 15632611173946380871960368486515691836322493583879
12885128301645720284757892597552082147498786548012073 43530838856911217178236123640378655903712116716257 2692621329228201643953674328728228405828797431040934 9347414209236783428730785010881576762461920658138195 41018737543185401923585468917935599287584993587981
12885128301645720284757892597552082147498786548012073 43530838856911217178236123640378655903712116716257 2692621329228201643953674328728228405828797431040934 544986790483582121327278308511474791035587636184172 8239917048852215914051577185357480949020142632236
12885128301645720284757892597552082147498786548012073 43530838856911217178236123640378655903712116716257 2692621329228201643953674328728228405828797431040934 4805070425421659663941601057843549199114064262994973 26828150967149304046607126641106683666374221054845
12885128301645720284757892597552082147498786548012073 43530838856911217178236123640378655903712116716257 2692621329228201643953674328728228405828797431040934 7086088683643650618007092738930807972827490948302365 22274950223387464770339932558570155759196827766145
12885128301645720284757892597552082147498786548012073 43530838856911217178236123640378655903712116716257 2692621329228201643953674328728228405828797431040934 8042458928619609095398058558222192268662368639888508 34068675928604250345687490115206090417772661913533
12885128301645720284757892597552082147498786548012073 43530838856911217178236123640378655903712116716257 2692621329228201643953674328728228405828797431040934 6882095007435759007030059889097306198660469855688448 29878397570679652857068931223156148706815433551405
12885128301645720284757892597552082147498786548012073 43530838856911217178236123640378655903712116716257 2692621329228201643953674328728228405828797431040934 7282951327558200009076981310052490293831280059292165 27267790863984356347043642687358768838064981231580
12885128301645720284757892597552082147498786548012073 43530838856911217178236123640378655903712116716257 2692621329228201643953674328728228405828797431040934 77497303839324080073757875873746050786219158409562 43336063273008828463617472343790081075092770317297
12885128301645720284757892597552082147498786548012073 43530838856911217178236123640378655903712116716257 2692621329228201643953674328728228405828797431040934 11924157554502627395797825031054855614023051719033496 40188340787402446350563258002438339519669840312358
12885128301645720284757892597552082147498786548012073 43530838856911217178236123640378655903712116716257 2692621329228201643953674328728228405828797431040934 2827466171118944902339963073395460886441766267674434 18102609842331003597889344739575649828158366152140
12885128301645720284757892597552082147498786548012073 43530838856911217178236123640378655903712116716257 2692621329228201643953674328728228405828797431040934 4307408435194838962247000603369212755165218043460666 28162897226030033819630765525185039362178038753998
12885128301645720284757892597552082147498786548012073 43530838856911217178236123640378655903712116716257 2692621329228201643953674328728228405828797431040934 12304507325551520520385943130537469239256444705840861 12472282141512624776612790497011537129918313421911
12885128301645720284757892597552082147498786548012073 43530838856911217178236123640378655903712116716257 2692621329228201643953674328728228405828797431040934 2596628584016699025478404369634296677808380084742967 41984582745030736038967301988027476939627026998415
12885128301645720284757892597552082147498786548012073 43530838856911217178236123640378655903712116716257 2692621329228201643953674328728228405828797431040934 5543027221467755000095209210291181663726443211595373 35085313430801298909825640176117860526821219053124
12885128301645720284757892597552082147498786548012073 43530838856911217178236123640378655903712116716257 2692621329228201643953674328728228405828797431040934 5583358891064703426118010052309521876969849075927755 40159531242343735980157257151881420872510467639372
12885128301645720284757892597552082147498786548012073 43530838856911217178236123640378655903712116716257 2692621329228201643953674328728228405828797431040934 7833780407074098364672178840783651336585893483032601 16632811839941818844923997427358073992091763120635
12885128301645720284757892597552082147498786548012073 43530838856911217178236123640378655903712116716257 2692621329228201643953674328728228405828797431040934 6527097371459437573814662064515614538769097238409072 9495934769240127099323939839930315670444962186137
12885128301645720284757892597552082147498786548012073 43530838856911217178236123640378655903712116716257 2692621329228201643953674328728228405828797431040934 455735943599936763831082725511533597264328955231638 40109603599400689692949139363331341467456979755459
12885128301645720284757892597552082147498786548012073 43530838856911217178236123640378655903712116716257 2692621329228201643953674328728228405828797431040934 1550934208448897607825023993081998313221939530906495 12493549184257065333209385290357846042165526986249
12885128301645720284757892597552082147498786548012073 43530838856911217178236123640378655903712116716257 2692621329228201643953674328728228405828797431040934 6149886145389737650537858740288780670136844665174584 20782621039546867437460411938219993634329922136836
12885128301645720284757892597552082147498786548012073 43530838856911217178236123640378655903712116716257 2692621329228201643953674328728228405828797431040934 10673083226997399592959096001905294032055630208408749 36526654607241538698168155385291571149707068544285
12885128301645720284757892597552082147498786548012073 43530838856911217178236123640378655903712116716257 2692621329228201643953674328728228405828797431040934 369195191465259108619737380019769673047122760583596 12887564090062283664692459920019264008502928483335
12885128301645720284757892597552082147498786548012073 43530838856911217178236123640378655903712116716257 2692621329228201643953674328728228405828797431040934 7196015775601841728477565122485835110073366661936962 28725545935401853614497265873670292712935882372964
12885128301645720284757892597552082147498786548012073 43530838856911217178236123640378655903712116716257 2692621329228201643953674328728228405828797431040934 9102926960968330292352430952070356724596051760217176 18762744288956043806052107048784371007313183939654
12885128301645720284757892597552082147498786548012073 43530838856911217178236123640378655903712116716257 2692621329228201643953674328728228405828797431040934 290688878642176699806899624957816217894875173700452 23374376873949889608969997522665370471349488655311
12885128301645720284757892597552082147498786548012073 43530838856911217178236123640378655903712116716257 2692621329228201643953674328728228405828797431040934 2093456196826934811767542421838157192045916811666760 17079958803935457534830586745387821600819942453158
12885128301645720284757892597552082147498786548012073 43530838856911217178236123640378655903712116716257 2692621329228201643953674328728228405828797431040934 12443305823392958024656877313450292545968279238366470 20200880796563361039061319442925295291923025178663
12885128301645720284757892597552082147498786548012073 43530838856911217178236123640378655903712116716257 2692621329228201643953674328728228405828797431040934 8413996631780251071343275659724254627050021548238543 13241958042521413551030572476610674905656000970739
12885128301645720284757892597552082147498786548012073 43530838856911217178236123640378655903712116716257 2692621329228201643953674328728228405828797431040934 12443842763596359708406771090075488376827775133132594 36668150775681568441343952992933729786993877676160
12885128301645720284757892597552082147498786548012073 43530838856911217178236123640378655903712116716257 2692621329228201643953674328728228405828797431040934 11629308215127896027440623527893529869390447511744831 14031461646747029624757689269639045987960921574300
12885128301645720284757892597552082147498786548012073 43530838856911217178236123640378655903712116716257 2692621329228201643953674328728228405828797431040934 3251785241956447075891759209610856581608655774813266 30789698311740592284019396722358315053117778459985
