2687944421147 6369536543 1148659837385 2402432409245 814459807
2687944421147 6369536543 1148659837385 2195199174261 1936140380
2687944421147 6369536543 1148659837385 554669922965 2032431516
2687944421147 6369536543 1148659837385 223143992311 2701035909
2687944421147 6369536543 1148659837385 81133359735 1184224256
2687944421147 6369536543 1148659837385 5535036864 4858917020
2687944421147 6369536543 1148659837385 2221781283747 4273039122
2687944421147 6369536543 1148659837385 549605363796 5738677031
2687944421147 6369536543 1148659837385 940941440212 3335289498
2687944421147 6369536543 1148659837385 474124796918 3273102903
2687944421147 6369536543 1148659837385 663764665434 1924204910
2687944421147 6369536543 1148659837385 1910581531675 2395005774
2687944421147 6369536543 1148659837385 1927090492604 958289649
2687944421147 6369536543 1148659837385 2159689066539 2682748848
2687944421147 6369536543 1148659837385 1734354029893 4271008204
2687944421147 6369536543 1148659837385 2378705673681 3612498295
2687944421147 6369536543 1148659837385 706664842822 1120458319
2687944421147 6369536543 1148659837385 94591799901 4421384257
2687944421147 6369536543 1148659837385 1472450732904 141121794
2687944421147 6369536543 1148659837385 1470500118714 3678925522
2687944421147 6369536543 1148659837385 2686418570555 3654765621
2687944421147 6369536543 1148659837385 1384677732853 2301582469
2687944421147 6369536543 1148659837385 1232075652151 1915796959
2687944421147 6369536543 1148659837385 523037147103 4693013945
2687944421147 6369536543 1148659837385 2238970618350 346070075
2687944421147 6369536543 1148659837385 1090371341563 935352617
2687944421147 6369536543 1148659837385 44377989285 457594117
2687944421147 6369536543 1148659837385 750720579663 4433733910
2687944421147 6369536543 1148659837385 266318585132 6036496473
2687944421147 6369536543 1148659837385 1127496289741 883748049
2687944421147 6369536543 1148659837385 2646950383642 5725643805
2687944421147 6369536543 1148659837385 2059669717549 3238319890
2687944421147 6369536543 1148659837385 657641857369 1511967700
2687944421147 6369536543 1148659837385 1227566355320 5925979184
2687944421147 6369536543 1148659837385 418009432694 2835925354
2687944421147 6369536543 1148659837385 805065191478 1225952506
2687944421147 6369536543 1148659837385 114952829399 3143188814
2687944421147 6369536543 1148659837385 381853399518 1301566131
2687944421147 6369536543 1148659837385 2036568714601 4084172049
2687944421147 6369536543 1148659837385 1202467797606 2367089251
2687944421147 6369536543 1148659837385 944897380091 208833397
2687944421147 6369536543 1148659837385 1034372769971 3263180641
2687944421147 6369536543 1148659837385 2407343966668 3950835817
2687944421147 6369536543 1148659837385 770780563579 6335207697
2687944421147 6369536543 1148659837385 1150387674011 2501964277
2687944421147 6369536543 1148659837385 1226495861225 2912269662
2687944421147 6369536543 1148659837385 676872360227 2570253465
2687944421147 6369536543 1148659837385 2187263007217 2306146944
2687944421147 6369536543 1148659837385 1341831038599 2616848602
2687944421147 6369536543 1148659837385 2314839702056 777161254
2687944421147 6369536543 1148659837385 1418834327456 1760804537
2687944421147 6369536543 1148659837385 1771267911750 682359033
2687944421147 6369536543 1148659837385 2127192732266 4768524957
2687944421147 6369536543 1148659837385 2060959284864 923901182
2687944421147 6369536543 1148659837385 2621518678632 672123524
2687944421147 6369536543 1148659837385 2604084712250 1737293982
2687944421147 6369536543 1148659837385 1038653361776 888910193
2687944421147 6369536543 1148659837385 194903323061 6112142414
2687944421147 6369536543 1148659837385 61993499396 4528746615
2687944421147 6369536543 1148659837385 700155566486 6322671165
2687944421147 6369536543 1148659837385 1865100606467 3498209436
2687944421147 6369536543 1148659837385 1488118605033 4450549006
2687944421147 6369536543 1148659837385 113394297517 1740822807
2687944421147 6369536543 1148659837385 1940808245555 2967998393
2687944421147 6369536543 1148659837385 1685633612832 316191255
2687944421147 6369536543 1148659837385 1502535757473 509168864
2687944421147 6369536543 1148659837385 52589349471 872127791
2687944421147 6369536543 1148659837385 1964717151161 3988844427
2687944421147 6369536543 1148659837385 1882482788328 5868454954
2687944421147 6369536543 1148659837385 1200379129150 1071906300
2687944421147 6369536543 1148659837385 267667996538 1735700351
2687944421147 6369536543 1148659837385 218330884213 4776809563
2687944421147 6369536543 1148659837385 2504164265263 1562589494
2687944421147 6369536543 1148659837385 1776458318047 1248633960
2687944421147 6369536543 1148659837385 153128743974 5198347667
2687944421147 6369536543 1148659837385 2299701913768 1469198164
2687944421147 6369536543 1148659837385 1693150573617 5298686128
2687944421147 6369536543 1148659837385 964254217507 3551619826
2687944421147 6369536543 1148659837385 455377618849 2702200799
2687944421147 6369536543 1148659837385 1826563765916 2738413963
2687944421147 6369536543 1148659837385 817582738345 443963661
2687944421147 6369536543 1148659837385 557794900050 2171324101
2687944421147 6369536543 1148659837385 2054941426777 1709117242
2687944421147 6369536543 1148659837385 271960913745 3634309400
2687944421147 6369536543 1148659837385 59580843189 1103888952
2687944421147 6369536543 1148659837385 1422360892275 2854153919
2687944421147 6369536543 1148659837385 2406556912607 259531218
2687944421147 6369536543 1148659837385 855386544421 4228959372
2687944421147 6369536543 1148659837385 901746121647 94828262
2687944421147 6369536543 1148659837385 682744555058 1326859660
2687944421147 6369536543 1148659837385 2281475016177 798695637
2687944421147 6369536543 1148659837385 2503216397915 1038350689
2687944421147 6369536543 1148659837385 1438245156250 1856541540
2687944421147 6369536543 1148659837385 24816673122 1406839368
2687944421147 6369536543 1148659837385 1760334210563 1976648740
2687944421147 6369536543 1148659837385 516206713003 6225339115
2687944421147 6369536543 1148659837385 390158096740 5500243021
2687944421147 6369536543 1148659837385 1459485912588 2887284539
2687944421147 6369536543 1148659837385 1198691031069 5653044295
2687944421147 6369536543 1148659837385 116461253274 6096826406
5996192251277 51691312511 5320780609447 5165370793041 17671965931
5996192251277 51691312511 5320780609447 3810723436996 5743949323
5996192251277 51691312511 5320780609447 3824006036426 26726191883
5996192251277 51691312511 5320780609447 3038162943622 39374575922
5996192251277 51691312511 5320780609447 4918328246713 17667806085
5996192251277 51691312511 5320780609447 2690703720509 15532134276
5996192251277 51691312511 5320780609447 1340818805108 7603932925
5996192251277 51691312511 5320780609447 487132764051 30770963255
5996192251277 51691312511 5320780609447 5589559325230 12844774860
5996192251277 51691312511 5320780609447 1109610888300 45295706558
5996192251277 51691312511 5320780609447 4433163499649 43379391845
5996192251277 51691312511 5320780609447 3710525079129 4770204093
5996192251277 51691312511 5320780609447 4312562574004 35510597662
5996192251277 51691312511 5320780609447 1263706229334 15518336134
5996192251277 51691312511 5320780609447 523096659481 30223531232
5996192251277 51691312511 5320780609447 1745658526665 37198810331
5996192251277 51691312511 5320780609447 1137853756580 34343858223
5996192251277 51691312511 5320780609447 5116251467614 14730783136
5996192251277 51691312511 5320780609447 946846969623 31402096118
5996192251277 51691312511 5320780609447 2983607599093 32546678730
5996192251277 51691312511 5320780609447 4382203505601 4630258665
5996192251277 51691312511 5320780609447 472685457133 25212667665
5996192251277 51691312511 5320780609447 602638464950 42189265953
5996192251277 51691312511 5320780609447 4060100407217 17652276539
5996192251277 51691312511 5320780609447 5783753756257 50737122200
5996192251277 51691312511 5320780609447 3299804179361 25029881852
5996192251277 51691312511 5320780609447 1876749827538 30522435342
5996192251277 51691312511 5320780609447 4312981740660 25887431089
5996192251277 51691312511 5320780609447 1897248748573 18484289515
5996192251277 51691312511 5320780609447 2979572544845 28974317357
5996192251277 51691312511 5320780609447 618609273369 18782045496
5996192251277 51691312511 5320780609447 4136503849511 33758682515
5996192251277 51691312511 5320780609447 4599263760240 811282755
5996192251277 51691312511 5320780609447 2077941500532 5002249789
5996192251277 51691312511 5320780609447 2376887931280 45494607169
5996192251277 51691312511 5320780609447 1451501927585 34538484900
5996192251277 51691312511 5320780609447 4684773225973 36105673263
5996192251277 51691312511 5320780609447 724870249406 27596740845
5996192251277 51691312511 5320780609447 2324974318404 10076804710
5996192251277 51691312511 5320780609447 1558310563769 32794503224
5996192251277 51691312511 5320780609447 49741505930 1058169897
5996192251277 51691312511 5320780609447 3007359458947 32084223770
5996192251277 51691312511 5320780609447 1310910584947 3122198567
5996192251277 51691312511 5320780609447 2465822767447 20115081478
5996192251277 51691312511 5320780609447 24578696544 15246056888
5996192251277 51691312511 5320780609447 315298643463 19705874702
5996192251277 51691312511 5320780609447 859195204130 37587265956
5996192251277 51691312511 5320780609447 4001690035010 43791979472
5996192251277 51691312511 5320780609447 2866185805319 50412533164
5996192251277 51691312511 5320780609447 3565068891850 20041768690
5996192251277 51691312511 5320780609447 432525847909 18606875373
5996192251277 51691312511 5320780609447 1061345408529 31498729259
5996192251277 51691312511 5320780609447 4066095204665 12721113599
5996192251277 51691312511 5320780609447 4758029256998 8980081234
5996192251277 51691312511 5320780609447 3154410617312 44358960273
5996192251277 51691312511 5320780609447 412715613563 43426602434
5996192251277 51691312511 5320780609447 3116815108367 33278614922
5996192251277 51691312511 5320780609447 1460607339971 48813889504
5996192251277 51691312511 5320780609447 2700280353415 41456883673
5996192251277 51691312511 5320780609447 2662283443182 20258911186
5996192251277 51691312511 5320780609447 3735566441909 3793916870
5996192251277 51691312511 5320780609447 2389295121405 6507144436
5996192251277 51691312511 5320780609447 5667486399221 48262730689
5996192251277 51691312511 5320780609447 3136714715536 33833068783
5996192251277 51691312511 5320780609447 20818476583 5779078031
5996192251277 51691312511 5320780609447 1319133786560 11300996687
5996192251277 51691312511 5320780609447 2281452704708 45690910142
5996192251277 51691312511 5320780609447 4724876297160 12935506331
5996192251277 51691312511 5320780609447 5212660409699 39951309144
5996192251277 51691312511 5320780609447 4140097011740 4516113124
5996192251277 51691312511 5320780609447 3057311658587 20145044532
5996192251277 51691312511 5320780609447 3819790841781 14360013281
5996192251277 51691312511 5320780609447 4478006619876 44613347170
5996192251277 51691312511 5320780609447 5520120251147 23303954104
5996192251277 51691312511 5320780609447 1836874283125 45043376599
5996192251277 51691312511 5320780609447 263686335064 2539253427
5996192251277 51691312511 5320780609447 5610092349069 14030701801
5996192251277 51691312511 5320780609447 2653065275390 11780841573
5996192251277 51691312511 5320780609447 476905797531 42094482310
5996192251277 51691312511 5320780609447 2281953252490 3561311392
5996192251277 51691312511 5320780609447 1266439410680 51608387321
5996192251277 51691312511 5320780609447 3862522102689 32300772645
5996192251277 51691312511 5320780609447 3079009803346 42189041077
5996192251277 51691312511 5320780609447 82117649297 18993624981
5996192251277 51691312511 5320780609447 4321370270105 2948956671
5996192251277 51691312511 5320780609447 4276682011382 5584880044
5996192251277 51691312511 5320780609447 2257054806283 14559669915
5996192251277 51691312511 5320780609447 2802848080980 32860883083
5996192251277 51691312511 5320780609447 2348799117697 38717813753
5996192251277 51691312511 5320780609447 5150955194222 21799616639
5996192251277 51691312511 5320780609447 19063797138 21675775497
5996192251277 51691312511 5320780609447 1409035519021 32829795208
5996192251277 51691312511 5320780609447 184191833937 35228085281
5996192251277 51691312511 5320780609447 1303470545499 25908576281
5996192251277 51691312511 5320780609447 4179580677893 9317277805
5996192251277 51691312511 5320780609447 64948704670 23361940202
5996192251277 51691312511 5320780609447 1354474946258 40122040333
5996192251277 51691312511 5320780609447 3285113486029 25408971851
5996192251277 51691312511 5320780609447 4882070717832 14972913994
5996192251277 51691312511 5320780609447 55585903240 34173727575
614031911033159 879701878271 499108678525189 148663297294828 327059379068
614031911033159 879701878271 499108678525189 349290456426051 751901819879
614031911033159 879701878271 499108678525189 396764635213754 696794636517
614031911033159 879701878271 499108678525189 365647332810309 190795026703
614031911033159 879701878271 499108678525189 170543562060530 437221721178
614031911033159 879701878271 499108678525189 170967943541346 802501469276
614031911033159 879701878271 499108678525189 343351795284503 562547946615
614031911033159 879701878271 499108678525189 547735333301727 483978572525
614031911033159 879701878271 499108678525189 383733421278179 428883862152
614031911033159 879701878271 499108678525189 492531859381695 227240801915
614031911033159 879701878271 499108678525189 248054636061555 184056227077
614031911033159 879701878271 499108678525189 358174567718341 637787418206
614031911033159 879701878271 499108678525189 207996784149428 190944410331
614031911033159 879701878271 499108678525189 577461749294106 222287127124
614031911033159 879701878271 499108678525189 374741128575962 591831257521
614031911033159 879701878271 499108678525189 249420204201984 622872603800
614031911033159 879701878271 499108678525189 530420268473917 766727381800
614031911033159 879701878271 499108678525189 386289937778581 435721905772
614031911033159 879701878271 499108678525189 279833246598813 846204261765
614031911033159 879701878271 499108678525189 396014098178205 159161485615
614031911033159 879701878271 499108678525189 400037167229390 838824549773
614031911033159 879701878271 499108678525189 113410496936241 146095265229
614031911033159 879701878271 499108678525189 147884527762940 862538283253
614031911033159 879701878271 499108678525189 122534478975832 665094135964
614031911033159 879701878271 499108678525189 449130711159999 354378936401
614031911033159 879701878271 499108678525189 496941931302518 864475428851
614031911033159 879701878271 499108678525189 449001240006012 166112248820
614031911033159 879701878271 499108678525189 222346301671191 519044648061
614031911033159 879701878271 499108678525189 220304915889776 357191591025
614031911033159 879701878271 499108678525189 480751468686728 732379622572
614031911033159 879701878271 499108678525189 558221296350172 613722551300
614031911033159 879701878271 499108678525189 160280553243144 640343917710
614031911033159 879701878271 499108678525189 547926851802376 863629896294
614031911033159 879701878271 499108678525189 324646445055713 379412263552
614031911033159 879701878271 499108678525189 485292455351901 800435701960
614031911033159 879701878271 499108678525189 509038599927611 362004038540
614031911033159 879701878271 499108678525189 163169262143720 385172390585
614031911033159 879701878271 499108678525189 165148100604297 770081316270
614031911033159 879701878271 499108678525189 140621338725673 182049313488
614031911033159 879701878271 499108678525189 433290138468478 217474659429
614031911033159 879701878271 499108678525189 8673005402852 445957291832
614031911033159 879701878271 499108678525189 320317957389831 682130755224
614031911033159 879701878271 499108678525189 278668733205947 399509664575
614031911033159 879701878271 499108678525189 297391639264726 449736879551
614031911033159 879701878271 499108678525189 497382358198394 106046249870
614031911033159 879701878271 499108678525189 438357132302778 277372438024
614031911033159 879701878271 499108678525189 489438973060288 446428081304
614031911033159 879701878271 499108678525189 22606195523853 186002925304
614031911033159 879701878271 499108678525189 566809113667583 780884739640
614031911033159 879701878271 499108678525189 4624125044461 700571890573
614031911033159 879701878271 499108678525189 551911358296056 851947319612
614031911033159 879701878271 499108678525189 253257757987588 323437389882
614031911033159 879701878271 499108678525189 383162938932750 738741431552
614031911033159 879701878271 499108678525189 409709979247359 723438872844
614031911033159 879701878271 499108678525189 357545999073741 565726985391
614031911033159 879701878271 499108678525189 403334396071143 246864583561
614031911033159 879701878271 499108678525189 205020797515193 395170645576
614031911033159 879701878271 499108678525189 179709172260298 500886718718
614031911033159 879701878271 499108678525189 191463791638464 203654441631
614031911033159 879701878271 499108678525189 63650266263119 750648595759
614031911033159 879701878271 499108678525189 206807052189395 380646525143
614031911033159 879701878271 499108678525189 443852191830196 41316731798
614031911033159 879701878271 499108678525189 377196260549260 289573914494
614031911033159 879701878271 499108678525189 345719922924212 550853812870
614031911033159 879701878271 499108678525189 258732595318649 151746700602
614031911033159 879701878271 499108678525189 433485240752878 669452452409
614031911033159 879701878271 499108678525189 591589113335107 172310879882
614031911033159 879701878271 499108678525189 484421883743136 93430479855
614031911033159 879701878271 499108678525189 391155605741437 555653295821
614031911033159 879701878271 499108678525189 79752250421428 56256312980
614031911033159 879701878271 499108678525189 533996221199459 108120626054
614031911033159 879701878271 499108678525189 161177161791332 841033665459
614031911033159 879701878271 499108678525189 463318215369215 741729658657
614031911033159 879701878271 499108678525189 112115506307852 823345121052
614031911033159 879701878271 499108678525189 456269868608829 66031726447
614031911033159 879701878271 499108678525189 439362268901436 192660980759
614031911033159 879701878271 499108678525189 373911532542880 233503800187
614031911033159 879701878271 499108678525189 373022757723878 278348836424
614031911033159 879701878271 499108678525189 417188352632980 319496757160
614031911033159 879701878271 499108678525189 175442447210031 124547703139
614031911033159 879701878271 499108678525189 114099339723314 709484726240
614031911033159 879701878271 499108678525189 402714824825622 295711495784
614031911033159 879701878271 499108678525189 576150262350653 811559357122
614031911033159 879701878271 499108678525189 134187609703706 235961338813
614031911033159 879701878271 499108678525189 129902112436364 348516107366
614031911033159 879701878271 499108678525189 78345227660095 307767612399
614031911033159 879701878271 499108678525189 380982011102319 457366512195
614031911033159 879701878271 499108678525189 77208673698547 139362447931
614031911033159 879701878271 499108678525189 583497800160990 164303008386
614031911033159 879701878271 499108678525189 383252302789396 248042957
614031911033159 879701878271 499108678525189 541555640065508 442328647859
614031911033159 879701878271 499108678525189 524743381174516 822187993204
614031911033159 879701878271 499108678525189 36927234239077 163679446278
614031911033159 879701878271 499108678525189 209721711360781 367686366450
614031911033159 879701878271 499108678525189 125365498991343 541058556174
614031911033159 879701878271 499108678525189 564887027380363 418500872174
614031911033159 879701878271 499108678525189 251832830941431 835993635887
614031911033159 879701878271 499108678525189 464077423411214 13250718925
614031911033159 879701878271 499108678525189 331608641259069 49442566177
614031911033159 879701878271 499108678525189 519550309588341 695833740213
196190157099323 1241709855059 12583135293912 60849104893625 734407792440
196190157099323 1241709855059 12583135293912 142877014990109 421424716485
196190157099323 1241709855059 12583135293912 99154199785129 1091239345616
196190157099323 1241709855059 12583135293912 71062231378277 1107911508676
196190157099323 1241709855059 12583135293912 1597842403439 105412620482
196190157099323 1241709855059 12583135293912 44185176824292 980139037496
196190157099323 1241709855059 12583135293912 140262420641033 411588311769
196190157099323 1241709855059 12583135293912 110228432542643 987215722992
196190157099323 1241709855059 12583135293912 35745902775383 532390351449
196190157099323 1241709855059 12583135293912 114858836040042 548773753911
196190157099323 1241709855059 12583135293912 171186094109250 604073138456
196190157099323 1241709855059 12583135293912 121401484144266 740420387312
196190157099323 1241709855059 12583135293912 50487628045731 160179694301
196190157099323 1241709855059 12583135293912 147773169891295 920520255258
196190157099323 1241709855059 12583135293912 148326920635866 266751679903
196190157099323 1241709855059 12583135293912 128006377013642 185169342868
196190157099323 1241709855059 12583135293912 39854033015358 811629774818
196190157099323 1241709855059 12583135293912 114071662449366 383567575840
196190157099323 1241709855059 12583135293912 75105836919568 815015795938
196190157099323 1241709855059 12583135293912 159754397987472 195532613826
196190157099323 1241709855059 12583135293912 66280219599745 364691496182
196190157099323 1241709855059 12583135293912 190770433116770 352728061877
196190157099323 1241709855059 12583135293912 155027221339026 473777448321
196190157099323 1241709855059 12583135293912 10802260748316 15928926063
196190157099323 1241709855059 12583135293912 25499520340904 156701498746
196190157099323 1241709855059 12583135293912 67536434409208 514663556480
196190157099323 1241709855059 12583135293912 163755790548574 82426040965
196190157099323 1241709855059 12583135293912 76205686036754 95823459820
196190157099323 1241709855059 12583135293912 126475879822575 946908464330
196190157099323 1241709855059 12583135293912 129210688317119 666877735513
196190157099323 1241709855059 12583135293912 56718744864491 198549461131
196190157099323 1241709855059 12583135293912 83155282155961 126288735519
196190157099323 1241709855059 12583135293912 26349574592329 488689041910
196190157099323 1241709855059 12583135293912 72373062586571 218689702589
196190157099323 1241709855059 12583135293912 179971602227180 831706936895
196190157099323 1241709855059 12583135293912 78325125186546 268115154665
196190157099323 1241709855059 12583135293912 113181851965039 960279053258
196190157099323 1241709855059 12583135293912 169703010401982 1012019218595
196190157099323 1241709855059 12583135293912 166944497043719 1196187395926
196190157099323 1241709855059 12583135293912 61380998508478 52557040221
196190157099323 1241709855059 12583135293912 167403289302784 1013093253424
196190157099323 1241709855059 12583135293912 194278455727083 730214236658
196190157099323 1241709855059 12583135293912 45837432618786 123766634094
196190157099323 1241709855059 12583135293912 35921895722094 594241136583
196190157099323 1241709855059 12583135293912 58546926213967 992768882395
196190157099323 1241709855059 12583135293912 89486536510143 1072268539569
196190157099323 1241709855059 12583135293912 62104507591822 997224425432
196190157099323 1241709855059 12583135293912 50999323355986 636267455891
196190157099323 1241709855059 12583135293912 9649113654201 714727406127
196190157099323 1241709855059 12583135293912 85648873735522 1050524967474
196190157099323 1241709855059 12583135293912 92649754554047 37324374751
196190157099323 1241709855059 12583135293912 146071311477160 1201491019676
196190157099323 1241709855059 12583135293912 129808448785126 965090349952
196190157099323 1241709855059 12583135293912 58424901674720 1098302320102
196190157099323 1241709855059 12583135293912 168167745817051 543952640355
196190157099323 1241709855059 12583135293912 43335598019062 1172773665615
196190157099323 1241709855059 12583135293912 76734571788561 1010750371646
196190157099323 1241709855059 12583135293912 37413611646281 313613340302
196190157099323 1241709855059 12583135293912 176369086895015 1022958058248
196190157099323 1241709855059 12583135293912 27503555136888 1079930606269
196190157099323 1241709855059 12583135293912 130072995177376 111154209805
196190157099323 1241709855059 12583135293912 103448118678484 148355890221
196190157099323 1241709855059 12583135293912 126777238831110 975657713505
196190157099323 1241709855059 12583135293912 180720546278876 651274142422
196190157099323 1241709855059 12583135293912 128857659556202 945865695210
196190157099323 1241709855059 12583135293912 131575940679142 451432560268
196190157099323 1241709855059 12583135293912 63939093408538 1110292111520
196190157099323 1241709855059 12583135293912 98333927850266 669310963387
196190157099323 1241709855059 12583135293912 19234970657509 1076351021076
196190157099323 1241709855059 12583135293912 45902858132330 20161647944
196190157099323 1241709855059 12583135293912 20887872026462 734145330722
196190157099323 1241709855059 12583135293912 87477813642833 1227388854973
196190157099323 1241709855059 12583135293912 41655602314362 512463877110
196190157099323 1241709855059 12583135293912 58446411276819 587699850261
196190157099323 1241709855059 12583135293912 49327573716608 767256410891
196190157099323 1241709855059 12583135293912 166352786908739 388939635078
196190157099323 1241709855059 12583135293912 71542975428890 962768407149
196190157099323 1241709855059 12583135293912 24324632517630 53592388867
196190157099323 1241709855059 12583135293912 193561120902802 646428493686
196190157099323 1241709855059 12583135293912 159811524620403 909181564337
196190157099323 1241709855059 12583135293912 126217695143862 850338691407
196190157099323 1241709855059 12583135293912 176470927670174 400439451654
196190157099323 1241709855059 12583135293912 159731490570779 1090382844986
196190157099323 1241709855059 12583135293912 180196468935889 779073688950
196190157099323 1241709855059 12583135293912 126833542112083 236289165769
196190157099323 1241709855059 12583135293912 69297074048945 1002833429953
196190157099323 1241709855059 12583135293912 161274616487985 208390118799
196190157099323 1241709855059 12583135293912 148643661040538 1235174308313
196190157099323 1241709855059 12583135293912 72825515152166 1097783734528
196190157099323 1241709855059 12583135293912 7281093494094 67543952012
196190157099323 1241709855059 12583135293912 139892940752979 40566159936
196190157099323 1241709855059 12583135293912 37353610963224 58478947824
196190157099323 1241709855059 12583135293912 64619607704418 874262275011
196190157099323 1241709855059 12583135293912 36401312188218 717350608352
196190157099323 1241709855059 12583135293912 42964898112467 256648838720
196190157099323 1241709855059 12583135293912 74459493344576 85392046359
196190157099323 1241709855059 12583135293912 17706937466446 312651488962
196190157099323 1241709855059 12583135293912 104063480186255 17120337368
196190157099323 1241709855059 12583135293912 87372071295384 1227859604590
196190157099323 1241709855059 12583135293912 118785416943870 331126550269
12060133258626301 40200444195421 3055861800803894 12000901291920764 8139879870357
12060133258626301 40200444195421 3055861800803894 7674057948457219 20350163486036
12060133258626301 40200444195421 3055861800803894 10290727877279661 25896039541977
12060133258626301 40200444195421 3055861800803894 1738556336326199 403927009408
12060133258626301 40200444195421 3055861800803894 10825338279141768 18131368362827
12060133258626301 40200444195421 3055861800803894 769274536519408 32152169595993
12060133258626301 40200444195421 3055861800803894 3035219319199938 13094993347645
12060133258626301 40200444195421 3055861800803894 6537992096977722 23754150160461
12060133258626301 40200444195421 3055861800803894 4687242579999704 7003850518135
12060133258626301 40200444195421 3055861800803894 4587781767102642 8278347505545
12060133258626301 40200444195421 3055861800803894 7629236882216159 25910504966395
12060133258626301 40200444195421 3055861800803894 9690919115130543 20575650574726
12060133258626301 40200444195421 3055861800803894 1503827680333667 8871110155260
12060133258626301 40200444195421 3055861800803894 1630355655703415 12828788548028
12060133258626301 40200444195421 3055861800803894 6541417796421608 23805538872237
12060133258626301 40200444195421 3055861800803894 9337404656859637 15315754403715
12060133258626301 40200444195421 3055861800803894 2081917491463800 37417047667616
12060133258626301 40200444195421 3055861800803894 10849787729197141 23356478321208
12060133258626301 40200444195421 3055861800803894 7044727165388992 17311267952240
12060133258626301 40200444195421 3055861800803894 11409741005347326 30551752064622
12060133258626301 40200444195421 3055861800803894 5089537486374937 29473358488144
12060133258626301 40200444195421 3055861800803894 3598918427955961 635878239281
12060133258626301 40200444195421 3055861800803894 8436258431377880 22386918705620
12060133258626301 40200444195421 3055861800803894 11297188713388750 14263199780016
12060133258626301 40200444195421 3055861800803894 5770920472365911 34256304325354
12060133258626301 40200444195421 3055861800803894 5425142958787733 5870578160631
12060133258626301 40200444195421 3055861800803894 4481339732289014 37427867689838
12060133258626301 40200444195421 3055861800803894 5205539772141984 34770689867691
12060133258626301 40200444195421 3055861800803894 10061405709461671 30998430699184
12060133258626301 40200444195421 3055861800803894 10922748421117766 24765378064028
12060133258626301 40200444195421 3055861800803894 2677020174282750 30375446717495
12060133258626301 40200444195421 3055861800803894 11303257543629474 8243068277282
12060133258626301 40200444195421 3055861800803894 11661114722602847 40044030441010
12060133258626301 40200444195421 3055861800803894 5693058439122484 35574803288824
12060133258626301 40200444195421 3055861800803894 9240616907234284 35856717800963
12060133258626301 40200444195421 3055861800803894 9503138678058556 26891815839694
12060133258626301 40200444195421 3055861800803894 8796254591847330 35143055835861
12060133258626301 40200444195421 3055861800803894 502051509072765 12880728371514
12060133258626301 40200444195421 3055861800803894 1892857153323704 34369591917496
12060133258626301 40200444195421 3055861800803894 9196975254104560 14429374171903
12060133258626301 40200444195421 3055861800803894 6974554367313737 37560066142979
12060133258626301 40200444195421 3055861800803894 2143431808229048 2580382861815
12060133258626301 40200444195421 3055861800803894 8341388947161278 30780931782713
12060133258626301 40200444195421 3055861800803894 8834944123007845 29553932298447
12060133258626301 40200444195421 3055861800803894 8421996478154933 35721158053739
12060133258626301 40200444195421 3055861800803894 5726382013787801 26400169034684
12060133258626301 40200444195421 3055861800803894 5806507861497337 29577445885761
12060133258626301 40200444195421 3055861800803894 629959486557150 2288957075541
12060133258626301 40200444195421 3055861800803894 49687708662764 29065653313474
12060133258626301 40200444195421 3055861800803894 2643890963402834 2568554519580
12060133258626301 40200444195421 3055861800803894 9828117098756126 12743122431666
12060133258626301 40200444195421 3055861800803894 10167214300831673 4590958364578
12060133258626301 40200444195421 3055861800803894 8783586612525651 38297897124218
12060133258626301 40200444195421 3055861800803894 1598337043494035 5306805819505
12060133258626301 40200444195421 3055861800803894 1555879944392861 16023047775798
12060133258626301 40200444195421 3055861800803894 5967431614826788 32275878091931
12060133258626301 40200444195421 3055861800803894 3274034210898952 19703463131414
12060133258626301 40200444195421 3055861800803894 1426375215205156 17386671843113
12060133258626301 40200444195421 3055861800803894 4473745872818492 34734490237220
12060133258626301 40200444195421 3055861800803894 19628875472050 4572601262169
12060133258626301 40200444195421 3055861800803894 11012084198641184 766677147123
12060133258626301 40200444195421 3055861800803894 11024288996219109 21049608925131
12060133258626301 40200444195421 3055861800803894 8925845260930127 398584264728
12060133258626301 40200444195421 3055861800803894 7242499388854880 7518506676186
12060133258626301 40200444195421 3055861800803894 683898876473614 8851203723197
12060133258626301 40200444195421 3055861800803894 1621550689546045 1709935636039
12060133258626301 40200444195421 3055861800803894 10850421035290617 5641676998478
12060133258626301 40200444195421 3055861800803894 10502824680776424 21803904462115
12060133258626301 40200444195421 3055861800803894 4257850498261078 22488821338751
12060133258626301 40200444195421 3055861800803894 5312733533288026 12780056091770
12060133258626301 40200444195421 3055861800803894 12038595128012332 24806565041583
12060133258626301 40200444195421 3055861800803894 3313192789662993 39726759503027
12060133258626301 40200444195421 3055861800803894 7536358778337741 594668321968
12060133258626301 40200444195421 3055861800803894 6948528727716625 37276385298234
12060133258626301 40200444195421 3055861800803894 6197654500440181 7732829545945
12060133258626301 40200444195421 3055861800803894 5632842007586955 10225978610487
12060133258626301 40200444195421 3055861800803894 7714333183659692 562752520513
12060133258626301 40200444195421 3055861800803894 6741591428962959 2823318828015
12060133258626301 40200444195421 3055861800803894 2339105397834957 39349094236381
12060133258626301 40200444195421 3055861800803894 8432031529092126 5019834075767
12060133258626301 40200444195421 3055861800803894 4768595179017586 5297640109336
12060133258626301 40200444195421 3055861800803894 11746801712198162 34853528057717
12060133258626301 40200444195421 3055861800803894 1415763162965209 11206108061856
12060133258626301 40200444195421 3055861800803894 118771365879488 23730288143902
12060133258626301 40200444195421 3055861800803894 2920627804628011 3770622265112
12060133258626301 40200444195421 3055861800803894 433481542881194 35955839887087
12060133258626301 40200444195421 3055861800803894 1476506027039588 31217302263110
12060133258626301 40200444195421 3055861800803894 1612251383401008 33456825589950
12060133258626301 40200444195421 3055861800803894 9342283692883264 26997679201286
12060133258626301 40200444195421 3055861800803894 9024657197382942 14399948162244
12060133258626301 40200444195421 3055861800803894 10232561898560428 1376710402452
12060133258626301 40200444195421 3055861800803894 1884436895166114 32965306179094
12060133258626301 40200444195421 3055861800803894 3105148163982472 399283987123
12060133258626301 40200444195421 3055861800803894 11240142489250202 19176861100613
12060133258626301 40200444195421 3055861800803894 10065684628627938 16879555831363
12060133258626301 40200444195421 3055861800803894 1948159037692670 30806729509432
12060133258626301 40200444195421 3055861800803894 6106271407550910 23620303889225
12060133258626301 40200444195421 3055861800803894 9301986163596118 2338092291759
12060133258626301 40200444195421 3055861800803894 5595772378236451 22570926544175
12060133258626301 40200444195421 3055861800803894 1136898703958361 14871510901047
99094054673162971 367015017308011 2350282106787469 72959245767353367 153361663378761
99094054673162971 367015017308011 2350282106787469 992342490272612 365194712747650
99094054673162971 367015017308011 2350282106787469 55898907512612437 41809664002735
99094054673162971 367015017308011 2350282106787469 93951349519632568 185693459971630
99094054673162971 367015017308011 2350282106787469 24783178274582112 75752374787488
99094054673162971 367015017308011 2350282106787469 95353045329036783 120749854243728
99094054673162971 367015017308011 2350282106787469 44959889614986789 121826762459787
99094054673162971 367015017308011 2350282106787469 88093099706012345 249458535017884
99094054673162971 367015017308011 2350282106787469 29913150717625946 73287528939350
99094054673162971 367015017308011 2350282106787469 97528251050777475 213527198882217
99094054673162971 367015017308011 2350282106787469 33360408340549676 8216091781716
99094054673162971 367015017308011 2350282106787469 63770735615019548 71697625023046
99094054673162971 367015017308011 2350282106787469 77294015700403295 207652676515363
99094054673162971 367015017308011 2350282106787469 7960744298173555 174482534535150
99094054673162971 367015017308011 2350282106787469 56059798646578975 214863091779007
99094054673162971 367015017308011 2350282106787469 69207966433943271 333995949541224
99094054673162971 367015017308011 2350282106787469 42047340742795080 351825226032711
99094054673162971 367015017308011 2350282106787469 915773677627969 259289099256791
99094054673162971 367015017308011 2350282106787469 87340637757732253 135175137355756
99094054673162971 367015017308011 2350282106787469 93518443704795031 334811019687021
99094054673162971 367015017308011 2350282106787469 28375385604834999 299946921489104
99094054673162971 367015017308011 2350282106787469 18654412164953777 254565423781729
99094054673162971 367015017308011 2350282106787469 17744725044637355 105286891885027
99094054673162971 367015017308011 2350282106787469 2252237748010992 269717669483168
99094054673162971 367015017308011 2350282106787469 56879893358719668 89731478368856
99094054673162971 367015017308011 2350282106787469 14184071269487663 282053455633030
99094054673162971 367015017308011 2350282106787469 94396611989163024 133065055028957
99094054673162971 367015017308011 2350282106787469 4951095585015428 119778266862281
99094054673162971 367015017308011 2350282106787469 91822712721359964 120432977222727
99094054673162971 367015017308011 2350282106787469 58306740172269573 299978414430840
99094054673162971 367015017308011 2350282106787469 38285947566721014 130935350667577
99094054673162971 367015017308011 2350282106787469 12641749525931161 319852747014294
99094054673162971 367015017308011 2350282106787469 46749334244660954 151569280665885
99094054673162971 367015017308011 2350282106787469 15589504430984154 359727378627490
99094054673162971 367015017308011 2350282106787469 17850829478103951 23502883603547
99094054673162971 367015017308011 2350282106787469 1587982306171882 6242873892968
99094054673162971 367015017308011 2350282106787469 98671973086897653 158425058973867
99094054673162971 367015017308011 2350282106787469 23619929184232279 228006203309376
99094054673162971 367015017308011 2350282106787469 74089662627509078 246407913071474
99094054673162971 367015017308011 2350282106787469 6463063958674628 235174043365769
99094054673162971 367015017308011 2350282106787469 47446264993567788 241734028031282
99094054673162971 367015017308011 2350282106787469 77021027341652420 127643120619823
99094054673162971 367015017308011 2350282106787469 33549599121078056 160477159599490
99094054673162971 367015017308011 2350282106787469 7937924603006577 73841840388459
99094054673162971 367015017308011 2350282106787469 8824474941276149 315638791888392
99094054673162971 367015017308011 2350282106787469 83036421970577220 345868406840671
99094054673162971 367015017308011 2350282106787469 80740508543093339 263693749263007
99094054673162971 367015017308011 2350282106787469 55963837242115157 7321003002187
99094054673162971 367015017308011 2350282106787469 10765049572381618 231289311598840
99094054673162971 367015017308011 2350282106787469 49739908633832896 231767926379517
99094054673162971 367015017308011 2350282106787469 18409940265765015 19781429495562
99094054673162971 367015017308011 2350282106787469 91304511880702139 150765090480090
99094054673162971 367015017308011 2350282106787469 29815786376820224 281016255363570
99094054673162971 367015017308011 2350282106787469 11738579403703713 214015791697220
99094054673162971 367015017308011 2350282106787469 39658239223477753 89008742470128
99094054673162971 367015017308011 2350282106787469 39829639960907178 127975520164816
99094054673162971 367015017308011 2350282106787469 58054619932731890 163864841597164
99094054673162971 367015017308011 2350282106787469 97988506094173830 121790382285482
99094054673162971 367015017308011 2350282106787469 73273617157504127 173376812028848
99094054673162971 367015017308011 2350282106787469 58434016241371496 274019932916159
99094054673162971 367015017308011 2350282106787469 78076019096530416 171177584076789
99094054673162971 367015017308011 2350282106787469 55369909987701270 119476938896278
99094054673162971 367015017308011 2350282106787469 95882313851480893 223630235151011
99094054673162971 367015017308011 2350282106787469 26072484600485900 251895446969485
99094054673162971 367015017308011 2350282106787469 68171647284848706 201965388579197
99094054673162971 367015017308011 2350282106787469 11325248435908020 280212256773811
99094054673162971 367015017308011 2350282106787469 51345270548746455 92939558368354
99094054673162971 367015017308011 2350282106787469 47170713518708907 276600267263281
99094054673162971 367015017308011 2350282106787469 5302385559276783 133659555963054
99094054673162971 367015017308011 2350282106787469 88201040024896309 191079707676114
99094054673162971 367015017308011 2350282106787469 21036751225684030 42038879989764
99094054673162971 367015017308011 2350282106787469 23312832621997903 76952105854509
99094054673162971 367015017308011 2350282106787469 83121471273951111 230726695228885
99094054673162971 367015017308011 2350282106787469 39019958327830994 178179055814808
99094054673162971 367015017308011 2350282106787469 93755343494072647 139394299735588
99094054673162971 367015017308011 2350282106787469 16336935625445362 82801034739025
99094054673162971 367015017308011 2350282106787469 28628823419125356 140845073744535
99094054673162971 367015017308011 2350282106787469 53195527490369702 171880726103437
99094054673162971 367015017308011 2350282106787469 86910002508453456 359270059114835
99094054673162971 367015017308011 2350282106787469 92443582819619499 357921812223874
99094054673162971 367015017308011 2350282106787469 79543302821614571 312293181916284
99094054673162971 367015017308011 2350282106787469 36913544041040686 110734256418913
99094054673162971 367015017308011 2350282106787469 90860504839897285 294999928301889
99094054673162971 367015017308011 2350282106787469 29767515904146780 259318715129598
99094054673162971 367015017308011 2350282106787469 98130328650582202 96673522853958
99094054673162971 367015017308011 2350282106787469 23817840704099544 223310579646923
99094054673162971 367015017308011 2350282106787469 52800452982123648 355386730342091
99094054673162971 367015017308011 2350282106787469 39571848770298683 3237814479581
99094054673162971 367015017308011 2350282106787469 90099845347714465 141468778091448
99094054673162971 367015017308011 2350282106787469 30482063139430283 309846775626389
99094054673162971 367015017308011 2350282106787469 66425980810451254 135147838914526
99094054673162971 367015017308011 2350282106787469 74897347904670668 227308082053525
99094054673162971 367015017308011 2350282106787469 17111339393887951 54496120600837
99094054673162971 367015017308011 2350282106787469 84666112669019995 25340441859690
99094054673162971 367015017308011 2350282106787469 62612666323751435 9356195330086
99094054673162971 367015017308011 2350282106787469 37149407653135369 238538807084402
99094054673162971 367015017308011 2350282106787469 70464400227686750 62366510517221
99094054673162971 367015017308011 2350282106787469 86611341704690372 137425403147486
99094054673162971 367015017308011 2350282106787469 75538613817205061 356794584144068
99094054673162971 367015017308011 2350282106787469 66922157314213564 74814909044066
4955911402919839793 7203359597267209 2061237384532892468 3663636677269325613 1714418990420404
4955911402919839793 7203359597267209 2061237384532892468 4126353872269501357 4590020620515587
4955911402919839793 7203359597267209 2061237384532892468 2046416969801088067 233886457532980
4955911402919839793 7203359597267209 2061237384532892468 1634018713421564251 5173148885295941
4955911402919839793 7203359597267209 2061237384532892468 2461594876766184932 4385868387675475
4955911402919839793 7203359597267209 2061237384532892468 2861530861037126838 5861562653263628
4955911402919839793 7203359597267209 2061237384532892468 4238584305971678908 6494319773411767
4955911402919839793 7203359597267209 2061237384532892468 3785751164822001294 1989847857886046
4955911402919839793 7203359597267209 2061237384532892468 1882317241621574119 6274254859684183
4955911402919839793 7203359597267209 2061237384532892468 2924458245674298947 1448685744960057
4955911402919839793 7203359597267209 2061237384532892468 4944661778881275831 1252272178060420
4955911402919839793 7203359597267209 2061237384532892468 1229466951904917653 1894497944257251
4955911402919839793 7203359597267209 2061237384532892468 908390664166173823 5115539206207090
4955911402919839793 7203359597267209 2061237384532892468 1084857205794117789 2114795882555883
4955911402919839793 7203359597267209 2061237384532892468 1578404236708133753 7155291194279438
4955911402919839793 7203359597267209 2061237384532892468 2052467831477093967 1613587810643389
4955911402919839793 7203359597267209 2061237384532892468 2338065514326702952 5725127584936596
4955911402919839793 7203359597267209 2061237384532892468 3277200777131419566 4640992167821049
4955911402919839793 7203359597267209 2061237384532892468 510914744674900585 1006280258531643
4955911402919839793 7203359597267209 2061237384532892468 3831474869319677051 2142056273718068
4955911402919839793 7203359597267209 2061237384532892468 4573364206885422126 3924622298184425
4955911402919839793 7203359597267209 2061237384532892468 282243235880898880 1841315371334727
4955911402919839793 7203359597267209 2061237384532892468 1929135243710844161 1302244066554077
4955911402919839793 7203359597267209 2061237384532892468 1165006220125634526 1985063791092764
4955911402919839793 7203359597267209 2061237384532892468 1455796616398507878 3581363742808518
4955911402919839793 7203359597267209 2061237384532892468 3089038932884970608 2817105570561418
4955911402919839793 7203359597267209 2061237384532892468 2792637209978186432 5975401303161613
4955911402919839793 7203359597267209 2061237384532892468 1020227805563642997 838331476249963
4955911402919839793 7203359597267209 2061237384532892468 4206935163143560881 4706047954029425
4955911402919839793 7203359597267209 2061237384532892468 702931338929435683 1106882572403214
4955911402919839793 7203359597267209 2061237384532892468 403957391057423797 3736482093757954
4955911402919839793 7203359597267209 2061237384532892468 2373596410626619145 426840536924985
4955911402919839793 7203359597267209 2061237384532892468 3202649568695444779 1109857843551155
4955911402919839793 7203359597267209 2061237384532892468 1826352897881947694 3103257476897654
4955911402919839793 7203359597267209 2061237384532892468 2552285995317659956 4919382615655346
4955911402919839793 7203359597267209 2061237384532892468 1849723609982000343 4620370093622686
4955911402919839793 7203359597267209 2061237384532892468 2721758884237473023 5128528727885627
4955911402919839793 7203359597267209 2061237384532892468 3569136818789654881 4478720839844831
4955911402919839793 7203359597267209 2061237384532892468 2931401254566747184 5776314112224798
4955911402919839793 7203359597267209 2061237384532892468 461650267041102955 1601021163240465
4955911402919839793 7203359597267209 2061237384532892468 515377477481794844 5620146994543468
4955911402919839793 7203359597267209 2061237384532892468 4593949288505474520 5271136059885713
4955911402919839793 7203359597267209 2061237384532892468 1948311326222834576 4799852893985848
4955911402919839793 7203359597267209 2061237384532892468 3063479139258821960 1419105780730273
4955911402919839793 7203359597267209 2061237384532892468 1665416746491856043 525606805310939
4955911402919839793 7203359597267209 2061237384532892468 619297708818556750 6069428875111823
4955911402919839793 7203359597267209 2061237384532892468 1394579888356143720 3711029818375102
4955911402919839793 7203359597267209 2061237384532892468 3447372084050792783 1220159283552130
4955911402919839793 7203359597267209 2061237384532892468 2809579305467531361 1405131475783252
4955911402919839793 7203359597267209 2061237384532892468 2891998553656571288 1191573383415744
4955911402919839793 7203359597267209 2061237384532892468 1809455802080098794 4043895817968015
4955911402919839793 7203359597267209 2061237384532892468 500551789435745836 1085835916644097
4955911402919839793 7203359597267209 2061237384532892468 559086491411106891 243515228526571
4955911402919839793 7203359597267209 2061237384532892468 1963987448265761983 3566622650878248
4955911402919839793 7203359597267209 2061237384532892468 2841356438732099148 5409216490365565
4955911402919839793 7203359597267209 2061237384532892468 3658986807093755692 3132620117654224
4955911402919839793 7203359597267209 2061237384532892468 2387844861855560128 340595340640310
4955911402919839793 7203359597267209 2061237384532892468 716293752015911421 6196355107320892
4955911402919839793 7203359597267209 2061237384532892468 3415568160901115871 661956533187190
4955911402919839793 7203359597267209 2061237384532892468 3320879385163202363 554255042278735
4955911402919839793 7203359597267209 2061237384532892468 606796297384739373 4711890375975341
4955911402919839793 7203359597267209 2061237384532892468 4211660715716855250 3531583405130798
4955911402919839793 7203359597267209 2061237384532892468 360092720211825786 5627196091513381
4955911402919839793 7203359597267209 2061237384532892468 575755284355594161 6768537341026
4955911402919839793 7203359597267209 2061237384532892468 2652330241864773225 2533168402232881
4955911402919839793 7203359597267209 2061237384532892468 3169171228470080727 2510849755239539
4955911402919839793 7203359597267209 2061237384532892468 1697521383819609838 1660856062547114
4955911402919839793 7203359597267209 2061237384532892468 4797268255509471771 3403754035808256
4955911402919839793 7203359597267209 2061237384532892468 3760989175923625041 1730698125111124
4955911402919839793 7203359597267209 2061237384532892468 491304873455209344 1896651885171280
4955911402919839793 7203359597267209 2061237384532892468 1488850815247698105 4507904747980108
4955911402919839793 7203359597267209 2061237384532892468 846870929653415170 5561277675861324
4955911402919839793 7203359597267209 2061237384532892468 1395855276853439695 5062371753865094
4955911402919839793 7203359597267209 2061237384532892468 902440800766421899 5746769700106978
4955911402919839793 7203359597267209 2061237384532892468 3756185109655951105 676187605532574
4955911402919839793 7203359597267209 2061237384532892468 4223804342864279346 3183272373792283
4955911402919839793 7203359597267209 2061237384532892468 493193527945472898 7135415364427749
4955911402919839793 7203359597267209 2061237384532892468 1948408582967842035 3924977164188638
4955911402919839793 7203359597267209 2061237384532892468 4676681045431097336 6480836874494962
4955911402919839793 7203359597267209 2061237384532892468 3368632631008470258 1240022525147476
4955911402919839793 7203359597267209 2061237384532892468 3418279749792351028 2138989019835496
4955911402919839793 7203359597267209 2061237384532892468 1880113198988143402 1905221435642252
4955911402919839793 7203359597267209 2061237384532892468 3924471006739232543 1565293984262881
4955911402919839793 7203359597267209 2061237384532892468 2884811983927817388 1657547052128216
4955911402919839793 7203359597267209 2061237384532892468 1216216146812881429 2259215553626194
4955911402919839793 7203359597267209 2061237384532892468 4184621905799934820 1001567696763497
4955911402919839793 7203359597267209 2061237384532892468 2878838055140031266 615506799720626
4955911402919839793 7203359597267209 2061237384532892468 272828584769419647 4610729920361487
4955911402919839793 7203359597267209 2061237384532892468 4279000690717396590 6263746440566847
4955911402919839793 7203359597267209 2061237384532892468 1012293671762072663 5740700532840811
4955911402919839793 7203359597267209 2061237384532892468 4644849170734697597 5703471649224303
4955911402919839793 7203359597267209 2061237384532892468 1082546013978425404 6144288858656798
4955911402919839793 7203359597267209 2061237384532892468 3233465391024003294 4352215081454405
4955911402919839793 7203359597267209 2061237384532892468 3976095853637209065 1989915371900825
4955911402919839793 7203359597267209 2061237384532892468 29701696828291406 4664241417353330
4955911402919839793 7203359597267209 2061237384532892468 3482060974455485156 6193333836518676
4955911402919839793 7203359597267209 2061237384532892468 3055923955739737969 3455107112470284
4955911402919839793 7203359597267209 2061237384532892468 3890074736391678416 1385522751162597
4955911402919839793 7203359597267209 2061237384532892468 3689071225363651833 1505043557322356
4955911402919839793 7203359597267209 2061237384532892468 1650210680084050816 829537589847749
54235940857349586133 92237994655356439 25711408436790800505 33138621053548395031 79004280798962854
54235940857349586133 92237994655356439 25711408436790800505 34872560741522365974 10164628090171078
54235940857349586133 92237994655356439 25711408436790800505 6421864602977929134 32086759507994966
54235940857349586133 92237994655356439 25711408436790800505 52669531389902465139 56094492591619432
54235940857349586133 92237994655356439 25711408436790800505 47745409203065093605 76874083412394722
54235940857349586133 92237994655356439 25711408436790800505 24391781736341182344 20696300771707031
54235940857349586133 92237994655356439 25711408436790800505 36468312325508408667 61216689712662933
54235940857349586133 92237994655356439 25711408436790800505 7821886466146360762 67493230088348064
54235940857349586133 92237994655356439 25711408436790800505 40755867939643712202 17440179993169270
54235940857349586133 92237994655356439 25711408436790800505 35172626726145241245 55108699588384038
54235940857349586133 92237994655356439 25711408436790800505 5017179021229249501 13669319476467591
54235940857349586133 92237994655356439 25711408436790800505 18975402868976649885 8547561529611154
54235940857349586133 92237994655356439 25711408436790800505 21007650962320067322 77855437662968872
54235940857349586133 92237994655356439 25711408436790800505 9430560930512840222 43865807647524020
54235940857349586133 92237994655356439 25711408436790800505 17833422797001858461 18667532855674042
54235940857349586133 92237994655356439 25711408436790800505 11159201158253402991 61936516871809983
54235940857349586133 92237994655356439 25711408436790800505 38483954517240515111 76239777534829362
54235940857349586133 92237994655356439 25711408436790800505 40095762407696998908 74787913142059274
54235940857349586133 92237994655356439 25711408436790800505 28739292652459443917 16637875822326297
54235940857349586133 92237994655356439 25711408436790800505 20245160318034026464 60703754519290312
54235940857349586133 92237994655356439 25711408436790800505 18238862065861576547 6976960950187286
54235940857349586133 92237994655356439 25711408436790800505 39747916344586889671 20688114346066254
54235940857349586133 92237994655356439 25711408436790800505 27139230732112698489 9173193116057201
54235940857349586133 92237994655356439 25711408436790800505 7999473139646421698 68747300772936167
54235940857349586133 92237994655356439 25711408436790800505 10761422833061896004 68846932842529251
54235940857349586133 92237994655356439 25711408436790800505 29879185952551171886 42416077006844412
54235940857349586133 92237994655356439 25711408436790800505 33723789458400649700 35691074986236928
54235940857349586133 92237994655356439 25711408436790800505 52863643461866079555 13834102857470893
54235940857349586133 92237994655356439 25711408436790800505 12716924028517192548 79457793385065876
54235940857349586133 92237994655356439 25711408436790800505 33399452055806692807 87258017169645021
54235940857349586133 92237994655356439 25711408436790800505 21359908532365618444 74760367885960722
54235940857349586133 92237994655356439 25711408436790800505 14548662877246365799 71552379098547211
54235940857349586133 92237994655356439 25711408436790800505 22824382740854547653 67031085916030712
54235940857349586133 92237994655356439 25711408436790800505 32596477805520818750 33058430599230635
54235940857349586133 92237994655356439 25711408436790800505 30566016065916578701 2917512024887747
54235940857349586133 92237994655356439 25711408436790800505 416001151496847351 85982308789919811
54235940857349586133 92237994655356439 25711408436790800505 21437222758735966411 28007097828154229
54235940857349586133 92237994655356439 25711408436790800505 48221488953901694548 82458090669777057
54235940857349586133 92237994655356439 25711408436790800505 28628527416595145934 28777481320921568
54235940857349586133 92237994655356439 25711408436790800505 3456009761922383586 88085919906568194
54235940857349586133 92237994655356439 25711408436790800505 13612833004318491163 67968078955392383
54235940857349586133 92237994655356439 25711408436790800505 36804979960035834941 64318659667568805
54235940857349586133 92237994655356439 25711408436790800505 3956086862132782139 68775397643435237
54235940857349586133 92237994655356439 25711408436790800505 21127859648220474850 76365019791845429
54235940857349586133 92237994655356439 25711408436790800505 40044256712853788350 43717428613556161
54235940857349586133 92237994655356439 25711408436790800505 23713662590893652847 71449492436840460
54235940857349586133 92237994655356439 25711408436790800505 47103313816290554602 51116671783799435
54235940857349586133 92237994655356439 25711408436790800505 22135794319453673785 56647368992643785
54235940857349586133 92237994655356439 25711408436790800505 53363743580212467588 27720548589012841
54235940857349586133 92237994655356439 25711408436790800505 23325112122331565440 43144874702403604
54235940857349586133 92237994655356439 25711408436790800505 41136604869579613541 66606713599009515
54235940857349586133 92237994655356439 25711408436790800505 35881403683261878901 39956141833725500
54235940857349586133 92237994655356439 25711408436790800505 53720601321807972 18760417067294132
54235940857349586133 92237994655356439 25711408436790800505 22570336449620000682 60111603917212694
54235940857349586133 92237994655356439 25711408436790800505 33136162576533640112 80706642748324854
54235940857349586133 92237994655356439 25711408436790800505 53455559326027951624 47118015536901652
54235940857349586133 92237994655356439 25711408436790800505 49964752946840733008 18050178416135052
54235940857349586133 92237994655356439 25711408436790800505 36985008948711454483 12678729763409177
54235940857349586133 92237994655356439 25711408436790800505 44140778625618925426 80621381763882083
54235940857349586133 92237994655356439 25711408436790800505 49240692627146921344 66404545834366600
54235940857349586133 92237994655356439 25711408436790800505 39549943120672056052 5369149000971150
54235940857349586133 92237994655356439 25711408436790800505 3997419028043696428 23311106758073208
54235940857349586133 92237994655356439 25711408436790800505 39525597673403264269 26635364313468631
54235940857349586133 92237994655356439 25711408436790800505 10567982456316724102 12574525540544663
54235940857349586133 92237994655356439 25711408436790800505 28333932745125734124 76212020676621602
54235940857349586133 92237994655356439 25711408436790800505 19820070515826092010 17293439048548807
54235940857349586133 92237994655356439 25711408436790800505 25934609393093920282 21030294802438051
54235940857349586133 92237994655356439 25711408436790800505 25387090447065954681 43734536943398160
54235940857349586133 92237994655356439 25711408436790800505 43629284867643315220 27956218291409821
54235940857349586133 92237994655356439 25711408436790800505 41488643144929656799 18553502911224222
54235940857349586133 92237994655356439 25711408436790800505 51957621618334750551 70302347217363651
54235940857349586133 92237994655356439 25711408436790800505 20883486052590074251 51242667553273229
54235940857349586133 92237994655356439 25711408436790800505 966313619295040414 73792367547089418
54235940857349586133 92237994655356439 25711408436790800505 26036791574292087698 62453468333462013
54235940857349586133 92237994655356439 25711408436790800505 42100529061372343444 6455975150857288
54235940857349586133 92237994655356439 25711408436790800505 38566255115321288719 88942629155093818
54235940857349586133 92237994655356439 25711408436790800505 2108696465850162349 44925904571169811
54235940857349586133 92237994655356439 25711408436790800505 31387747728203269359 79181952633770428
54235940857349586133 92237994655356439 25711408436790800505 49258361684244979312 68123586560603520
54235940857349586133 92237994655356439 25711408436790800505 42076031619070731463 75106073365740707
54235940857349586133 92237994655356439 25711408436790800505 33706925418832063468 45541641698555990
54235940857349586133 92237994655356439 25711408436790800505 48687671615729268834 27609015879361087
54235940857349586133 92237994655356439 25711408436790800505 25162056123075222682 75852110029060400
54235940857349586133 92237994655356439 25711408436790800505 38582537101424753005 31522107154259774
54235940857349586133 92237994655356439 25711408436790800505 41143741067278877713 38958547471282912
54235940857349586133 92237994655356439 25711408436790800505 32574079241911603724 10342578018993500
54235940857349586133 92237994655356439 25711408436790800505 17317549027214870119 7594583398585527
54235940857349586133 92237994655356439 25711408436790800505 29993739462880665424 9665282171597503
54235940857349586133 92237994655356439 25711408436790800505 42293052701439338125 53603224087911402
54235940857349586133 92237994655356439 25711408436790800505 3233960152283935486 32286506969978153
54235940857349586133 92237994655356439 25711408436790800505 51626577894941593494 26119832670327281
54235940857349586133 92237994655356439 25711408436790800505 48011076560785927912 49184340416671129
54235940857349586133 92237994655356439 25711408436790800505 18173951274278664823 61722871391656945
54235940857349586133 92237994655356439 25711408436790800505 19911358742043949524 84586753396397899
54235940857349586133 92237994655356439 25711408436790800505 2727235507575025978 90730792866068012
54235940857349586133 92237994655356439 25711408436790800505 20434707932973421611 83992770983903637
54235940857349586133 92237994655356439 25711408436790800505 41789333475846471811 79082076987894634
54235940857349586133 92237994655356439 25711408436790800505 17245428532970364707 1418524429774112
54235940857349586133 92237994655356439 25711408436790800505 34829034578111744895 90583456420789126
54235940857349586133 92237994655356439 25711408436790800505 22352694495594215766 43363810452745354
50382953405655012971 296370314150911841 4066495344244116146 43124628455009231715 20715544893116938
50382953405655012971 296370314150911841 4066495344244116146 23330074801185489367 38602681291358231
50382953405655012971 296370314150911841 4066495344244116146 8639148379204557225 192366214981409199
50382953405655012971 296370314150911841 4066495344244116146 31763183661847529400 290975677499458851
50382953405655012971 296370314150911841 4066495344244116146 28886281796371521447 291571496118900994
50382953405655012971 296370314150911841 4066495344244116146 49182209597493949827 241355945552790434
50382953405655012971 296370314150911841 4066495344244116146 9929114256637913062 198724653336635173
50382953405655012971 296370314150911841 4066495344244116146 17734091662202136196 267954955491240872
50382953405655012971 296370314150911841 4066495344244116146 38667883773623227331 294817817740307666
50382953405655012971 296370314150911841 4066495344244116146 8637126536701051052 89653219169738128
50382953405655012971 296370314150911841 4066495344244116146 19053233288647290635 185514938991275752
50382953405655012971 296370314150911841 4066495344244116146 27736471914259437083 134590441692181712
50382953405655012971 296370314150911841 4066495344244116146 5394244740312681197 43087562774799859
50382953405655012971 296370314150911841 4066495344244116146 7055446949678251536 26929248936960635
50382953405655012971 296370314150911841 4066495344244116146 44614546813345630884 40608164848330014
50382953405655012971 296370314150911841 4066495344244116146 14254902294042430471 2359006882785390
50382953405655012971 296370314150911841 4066495344244116146 1230900439321295559 114688397361207687
50382953405655012971 296370314150911841 4066495344244116146 45018140213413245210 223033470027613117
50382953405655012971 296370314150911841 4066495344244116146 40631270261940900991 206738606555475417
50382953405655012971 296370314150911841 4066495344244116146 31373561595462918848 254968387346353167
50382953405655012971 296370314150911841 4066495344244116146 15768996462913591270 96910864145797413
50382953405655012971 296370314150911841 4066495344244116146 34775162664265531477 62847526019793799
50382953405655012971 296370314150911841 4066495344244116146 14402249672598478477 275625400806727887
50382953405655012971 296370314150911841 4066495344244116146 26185201664748508808 108175242171096819
50382953405655012971 296370314150911841 4066495344244116146 19359101407325575886 32007050439986761
50382953405655012971 296370314150911841 4066495344244116146 20835734448122233732 6239449064055927
50382953405655012971 296370314150911841 4066495344244116146 24437350003555851492 98890274924146014
50382953405655012971 296370314150911841 4066495344244116146 6685461682327510315 64025201096162855
50382953405655012971 296370314150911841 4066495344244116146 18638320360946070226 236747210120509354
50382953405655012971 296370314150911841 4066495344244116146 3296162323373439271 257804679591414290
50382953405655012971 296370314150911841 4066495344244116146 29453226347330001839 220836739386281540
50382953405655012971 296370314150911841 4066495344244116146 25801548948579872501 286221978631149932
50382953405655012971 296370314150911841 4066495344244116146 46960690509945039885 87820746832961146
50382953405655012971 296370314150911841 4066495344244116146 698410872403427148 168614782648442314
50382953405655012971 296370314150911841 4066495344244116146 23766623542313086918 194276020440956594
50382953405655012971 296370314150911841 4066495344244116146 39650636547550985581 259771630714760094
50382953405655012971 296370314150911841 4066495344244116146 35712542113004985095 73062142104016962
50382953405655012971 296370314150911841 4066495344244116146 8546503349262633810 201543763519584423
50382953405655012971 296370314150911841 4066495344244116146 11103191251874838954 18204434769551205
50382953405655012971 296370314150911841 4066495344244116146 7127881292486922905 256635926496489476
50382953405655012971 296370314150911841 4066495344244116146 48241081836686341787 85424969272010675
50382953405655012971 296370314150911841 4066495344244116146 9930594170021644177 281393450779350971
50382953405655012971 296370314150911841 4066495344244116146 24795378522199724813 256771227929211765
50382953405655012971 296370314150911841 4066495344244116146 27519264930757603292 232513360561763126
50382953405655012971 296370314150911841 4066495344244116146 17280856902073446315 187873463158990549
50382953405655012971 296370314150911841 4066495344244116146 43835057208642848459 6917420344676850
50382953405655012971 296370314150911841 4066495344244116146 29594781975890511401 72580162720429534
50382953405655012971 296370314150911841 4066495344244116146 3347209079472069636 38668124796801801
50382953405655012971 296370314150911841 4066495344244116146 21243094477107151683 143923313766332254
50382953405655012971 296370314150911841 4066495344244116146 39205949584804900719 228012979630672870
50382953405655012971 296370314150911841 4066495344244116146 5308609960140078231 191879051154104423
50382953405655012971 296370314150911841 4066495344244116146 43639163985629220827 30042300219525035
50382953405655012971 296370314150911841 4066495344244116146 14312565108222950897 23428693771946312
50382953405655012971 296370314150911841 4066495344244116146 49375509172753983161 25781308866276707
50382953405655012971 296370314150911841 4066495344244116146 2767599737789857281 273301966669816931
50382953405655012971 296370314150911841 4066495344244116146 17347664185347029191 16599585298923640
50382953405655012971 296370314150911841 4066495344244116146 38831940414430389992 106204284138759032
50382953405655012971 296370314150911841 4066495344244116146 4591238242662678636 52124033637465624
50382953405655012971 296370314150911841 4066495344244116146 7999640437572422187 294724768772510829
50382953405655012971 296370314150911841 4066495344244116146 6659581442061250946 171543515153842739
50382953405655012971 296370314150911841 4066495344244116146 5357754465914981246 255102688931990516
50382953405655012971 296370314150911841 4066495344244116146 34521987802211440534 46643027008778153
50382953405655012971 296370314150911841 4066495344244116146 20844176731161621776 40077121526021270
50382953405655012971 296370314150911841 4066495344244116146 41608111104825470514 293769697285773338
50382953405655012971 296370314150911841 4066495344244116146 22861389062891554581 184440932776921926
50382953405655012971 296370314150911841 4066495344244116146 24776856820040789733 6134593106833981
50382953405655012971 296370314150911841 4066495344244116146 44069226523577640933 63877653362756800
50382953405655012971 296370314150911841 4066495344244116146 44157476952478798747 149755774479361511
50382953405655012971 296370314150911841 4066495344244116146 16035487871575784999 217415970305817520
50382953405655012971 296370314150911841 4066495344244116146 35849261350123622848 185190497852226041
50382953405655012971 296370314150911841 4066495344244116146 34525026869063670272 146318998731136967
50382953405655012971 296370314150911841 4066495344244116146 18490410072799934949 265538766675965455
50382953405655012971 296370314150911841 4066495344244116146 14436521925058345386 225183284588707151
50382953405655012971 296370314150911841 4066495344244116146 14053506823141672863 79260422611331151
50382953405655012971 296370314150911841 4066495344244116146 47661191634131425256 11548664716293161
50382953405655012971 296370314150911841 4066495344244116146 38623384982816669517 86077603739339797
50382953405655012971 296370314150911841 4066495344244116146 2255735745386736324 275844031600974065
50382953405655012971 296370314150911841 4066495344244116146 8660748929624710691 184987234488895886
50382953405655012971 296370314150911841 4066495344244116146 19987317985059703852 143887223016820928
50382953405655012971 296370314150911841 4066495344244116146 36956322569802221703 118371805353937810
50382953405655012971 296370314150911841 4066495344244116146 2202315876034472985 106580451083744579
50382953405655012971 296370314150911841 4066495344244116146 12711359646453162680 295223544831259648
50382953405655012971 296370314150911841 4066495344244116146 46405124406237350487 237163230292290680
50382953405655012971 296370314150911841 4066495344244116146 18415921046278735676 53508177440352231
50382953405655012971 296370314150911841 4066495344244116146 1772067584627444217 118968370913269187
50382953405655012971 296370314150911841 4066495344244116146 39625598882124711272 254022515966104886
50382953405655012971 296370314150911841 4066495344244116146 37249225391185311135 237752740298822976
50382953405655012971 296370314150911841 4066495344244116146 2088977117560789414 258314977706629389
50382953405655012971 296370314150911841 4066495344244116146 35390766134467552937 117009964366662304
50382953405655012971 296370314150911841 4066495344244116146 39786707546942932231 133569643432476331
50382953405655012971 296370314150911841 4066495344244116146 36172024978462937125 292779259759440946
50382953405655012971 296370314150911841 4066495344244116146 45346005017605953803 27063599855444434
50382953405655012971 296370314150911841 4066495344244116146 28669284356681344215 235919395675977399
50382953405655012971 296370314150911841 4066495344244116146 8294045967955364223 14360667183233122
50382953405655012971 296370314150911841 4066495344244116146 13157300038711044343 36723640197846422
50382953405655012971 296370314150911841 4066495344244116146 20423723740464399762 275274568137756490
50382953405655012971 296370314150911841 4066495344244116146 48291749442209984877 287422604777353980
50382953405655012971 296370314150911841 4066495344244116146 47779874159125205074 200240427786431676
50382953405655012971 296370314150911841 4066495344244116146 11455368377518211301 16874062142033938
50382953405655012971 296370314150911841 4066495344244116146 42620027149879493080 42179814580492762
8528461087867312090553 9780345284251504691 1549180330994088939157 3653012296369883732180 5703350859154604566
8528461087867312090553 9780345284251504691 1549180330994088939157 3274866324027800887867 3398319879924737183
8528461087867312090553 9780345284251504691 1549180330994088939157 2782607057049009708534 3660779748994405965
8528461087867312090553 9780345284251504691 1549180330994088939157 8109433535567962254014 177796364378647301
8528461087867312090553 9780345284251504691 1549180330994088939157 3768184404640202521272 871363037012382221
8528461087867312090553 9780345284251504691 1549180330994088939157 5796311244077659402762 1962426216173242790
8528461087867312090553 9780345284251504691 1549180330994088939157 3850659551917161902249 8535635656067935816
8528461087867312090553 9780345284251504691 1549180330994088939157 2750419444696843304008 5647625931608368029
8528461087867312090553 9780345284251504691 1549180330994088939157 5942946275501520227260 6032530626314799296
8528461087867312090553 9780345284251504691 1549180330994088939157 2190929934789498940356 7319905444646217062
8528461087867312090553 9780345284251504691 1549180330994088939157 4706661174057006505636 8702386579987235590
8528461087867312090553 9780345284251504691 1549180330994088939157 6185389867183665275695 453347772583006153
8528461087867312090553 9780345284251504691 1549180330994088939157 1546581062977066055301 2233057455975322259
8528461087867312090553 9780345284251504691 1549180330994088939157 6952558670522479376804 6344772781382224888
8528461087867312090553 9780345284251504691 1549180330994088939157 8355592284936436942987 1143331987957867540
8528461087867312090553 9780345284251504691 1549180330994088939157 5524004295832582204544 5251518471390043680
8528461087867312090553 9780345284251504691 1549180330994088939157 7537500760851913668116 9743205387316455272
8528461087867312090553 9780345284251504691 1549180330994088939157 5997585725898910851216 3613330949407402390
8528461087867312090553 9780345284251504691 1549180330994088939157 2988034460492506859074 2882874332027780906
8528461087867312090553 9780345284251504691 1549180330994088939157 2841989495110734887349 1835356059833821151
8528461087867312090553 9780345284251504691 1549180330994088939157 7858551019008050238992 5240346566100901444
8528461087867312090553 9780345284251504691 1549180330994088939157 1186600612519695509347 4999740686238220785
8528461087867312090553 9780345284251504691 1549180330994088939157 6155076547053265740946 8433459392878717752
8528461087867312090553 9780345284251504691 1549180330994088939157 3660466420789919316540 8691688954728394911
8528461087867312090553 9780345284251504691 1549180330994088939157 565418228044454625399 6126890994290688162
8528461087867312090553 9780345284251504691 1549180330994088939157 3834207001857531671980 807428792256536030
8528461087867312090553 9780345284251504691 1549180330994088939157 2406537386201625486125 5654944881264058327
8528461087867312090553 9780345284251504691 1549180330994088939157 3253255143807161050880 448819360984341029
8528461087867312090553 9780345284251504691 1549180330994088939157 3451183277267349865596 4423269644954174020
8528461087867312090553 9780345284251504691 1549180330994088939157 5335826608300698747170 1921846404797987518
8528461087867312090553 9780345284251504691 1549180330994088939157 1566654559961723019556 9766559886665305906
8528461087867312090553 9780345284251504691 1549180330994088939157 1538316853525585490933 935830228528637537
8528461087867312090553 9780345284251504691 1549180330994088939157 1844906085563647416660 3656095570109827376
8528461087867312090553 9780345284251504691 1549180330994088939157 8357792809732296409794 6049774657469281451
8528461087867312090553 9780345284251504691 1549180330994088939157 7370830345750682595817 4835802544312218049
8528461087867312090553 9780345284251504691 1549180330994088939157 2786474644077629991289 3198870088071295650
8528461087867312090553 9780345284251504691 1549180330994088939157 4885665921980118851408 5568283213352046530
8528461087867312090553 9780345284251504691 1549180330994088939157 346550304879873143080 5927950864067043604
8528461087867312090553 9780345284251504691 1549180330994088939157 6874261948550699907084 5443940328063981980
8528461087867312090553 9780345284251504691 1549180330994088939157 6106176696510556332685 6124725621770388567
8528461087867312090553 9780345284251504691 1549180330994088939157 1468117780258403185850 520637695947647308
8528461087867312090553 9780345284251504691 1549180330994088939157 3232765931358598044532 5546930792067972841
8528461087867312090553 9780345284251504691 1549180330994088939157 8517083964691631945826 1042834750923540782
8528461087867312090553 9780345284251504691 1549180330994088939157 6182665630067390404044 2658726165848709047
8528461087867312090553 9780345284251504691 1549180330994088939157 4218835872533361361365 2402474900990673910
8528461087867312090553 9780345284251504691 1549180330994088939157 6799175621350628968106 5249999402474472184
8528461087867312090553 9780345284251504691 1549180330994088939157 6761051270039159234670 8663833245617742618
8528461087867312090553 9780345284251504691 1549180330994088939157 1133848921092114444115 2146199986058552689
8528461087867312090553 9780345284251504691 1549180330994088939157 3678576395373432762456 2627328180619622339
8528461087867312090553 9780345284251504691 1549180330994088939157 342137554779737583305 8384056586694694638
8528461087867312090553 9780345284251504691 1549180330994088939157 872283652658655671180 4318746325182717670
8528461087867312090553 9780345284251504691 1549180330994088939157 7639856000360093481979 593813873373711265
8528461087867312090553 9780345284251504691 1549180330994088939157 3420093874522192357193 4459785305347200499
8528461087867312090553 9780345284251504691 1549180330994088939157 7050169443473062441600 9387295261188531256
8528461087867312090553 9780345284251504691 1549180330994088939157 8088364344704644862688 3189915890706755197
8528461087867312090553 9780345284251504691 1549180330994088939157 623633884193369074243 7307866819719425953
8528461087867312090553 9780345284251504691 1549180330994088939157 7437604530661391894409 5414965974388698423
8528461087867312090553 9780345284251504691 1549180330994088939157 1431704044347260748845 7421754818272821108
8528461087867312090553 9780345284251504691 1549180330994088939157 5999437655752846194698 5939736270466284718
8528461087867312090553 9780345284251504691 1549180330994088939157 6836249117328398074215 5894598356111061418
8528461087867312090553 9780345284251504691 1549180330994088939157 315281097106844324621 1730878927327361830
8528461087867312090553 9780345284251504691 1549180330994088939157 1165815090484959518092 4929190906957111535
8528461087867312090553 9780345284251504691 1549180330994088939157 5756400187483377072382 2987457175169341311
8528461087867312090553 9780345284251504691 1549180330994088939157 473286119287758020607 535964302897379311
8528461087867312090553 9780345284251504691 1549180330994088939157 7816110461508095258161 7606439231962028304
8528461087867312090553 9780345284251504691 1549180330994088939157 2657232714156252568836 7318418353198290592
8528461087867312090553 9780345284251504691 1549180330994088939157 5160146602826774990388 7978502510275790338
8528461087867312090553 9780345284251504691 1549180330994088939157 944073002791988307229 1038360053089189877
8528461087867312090553 9780345284251504691 1549180330994088939157 5945244371477029932153 7232580121931968578
8528461087867312090553 9780345284251504691 1549180330994088939157 1068224925666718388874 719726336056925610
8528461087867312090553 9780345284251504691 1549180330994088939157 4475247791315591748816 6965828402395081224
8528461087867312090553 9780345284251504691 1549180330994088939157 3427056925573012233654 3199765880820197777
8528461087867312090553 9780345284251504691 1549180330994088939157 5712348466002788733164 7564905149483974756
8528461087867312090553 9780345284251504691 1549180330994088939157 6787215822151598853355 390430790698991832
8528461087867312090553 9780345284251504691 1549180330994088939157 3084700540904995480291 2444932299753644879
8528461087867312090553 9780345284251504691 1549180330994088939157 7768754626713421118431 9654261517761499571
8528461087867312090553 9780345284251504691 1549180330994088939157 3634682069622092669525 2497391207106424557
8528461087867312090553 9780345284251504691 1549180330994088939157 1188683758381133806917 7396127686588579294
8528461087867312090553 9780345284251504691 1549180330994088939157 4356185941528990765688 1191810017717338460
8528461087867312090553 9780345284251504691 1549180330994088939157 2168973710456465012898 7347875196921111852
8528461087867312090553 9780345284251504691 1549180330994088939157 6367024920402753505755 4649148194695626801
8528461087867312090553 9780345284251504691 1549180330994088939157 6993180703536262124427 3556798051939491485
8528461087867312090553 9780345284251504691 1549180330994088939157 3551828957609890709370 8427508775060563133
8528461087867312090553 9780345284251504691 1549180330994088939157 3016284316763847678397 7440999878495857951
8528461087867312090553 9780345284251504691 1549180330994088939157 996715505663544838078 8060940297527561295
8528461087867312090553 9780345284251504691 1549180330994088939157 7415396457252366668133 1201189094019756167
8528461087867312090553 9780345284251504691 1549180330994088939157 1992895092088081183663 4034317970398293728
8528461087867312090553 9780345284251504691 1549180330994088939157 7895356206389694235031 8252154633697156936
8528461087867312090553 9780345284251504691 1549180330994088939157 1124094591464016831436 5637073456456187364
8528461087867312090553 9780345284251504691 1549180330994088939157 1268636871827004536419 15109863090529105
8528461087867312090553 9780345284251504691 1549180330994088939157 6259639593739006910798 1246062174540192916
8528461087867312090553 9780345284251504691 1549180330994088939157 6813517624488714276885 6985546909198473826
8528461087867312090553 9780345284251504691 1549180330994088939157 3620426691639570966286 2179444670366296355
8528461087867312090553 9780345284251504691 1549180330994088939157 5025835462487412710465 2457902858458135132
8528461087867312090553 9780345284251504691 1549180330994088939157 2636270410226675743665 2090015538491669535
8528461087867312090553 9780345284251504691 1549180330994088939157 3285113399376224414036 968279835056691606
8528461087867312090553 9780345284251504691 1549180330994088939157 7712059407248780507836 1217374973335232860
8528461087867312090553 9780345284251504691 1549180330994088939157 2698700408988293153485 9388881172170347561
8528461087867312090553 9780345284251504691 1549180330994088939157 350608016447652284315 915471392545973693
8528461087867312090553 9780345284251504691 1549180330994088939157 5189640476803606008066 6047485648790627958
