22692114406819016374741 54028843825759562797 8710934525580328397640 10533975745136224765221 31555742503509546349
22692114406819016374741 54028843825759562797 8710934525580328397640 11662969136959009939007 21683079827094257672
22692114406819016374741 54028843825759562797 8710934525580328397640 7201064938628862885743 29143271882058984755
22692114406819016374741 54028843825759562797 8710934525580328397640 11271081369491185745945 4269445221826269262
22692114406819016374741 54028843825759562797 8710934525580328397640 13718666105472833482485 25432320330222754338
22692114406819016374741 54028843825759562797 8710934525580328397640 22487065021071914553550 223748676215160103
22692114406819016374741 54028843825759562797 8710934525580328397640 11296512851671616156346 186365856143712504
22692114406819016374741 54028843825759562797 8710934525580328397640 13849386642027340300379 19574351039488024566
22692114406819016374741 54028843825759562797 8710934525580328397640 11396813204170904466780 44444232804948636339
22692114406819016374741 54028843825759562797 8710934525580328397640 5011602534779142563339 29357731504159912939
22692114406819016374741 54028843825759562797 8710934525580328397640 21903360968301674314129 30787127089756549620
22692114406819016374741 54028843825759562797 8710934525580328397640 6904111473878426709811 23898806230181397927
22692114406819016374741 54028843825759562797 8710934525580328397640 15491253246270288067697 9546599570212846289
22692114406819016374741 54028843825759562797 8710934525580328397640 19268494628527816633717 12557527147629791021
22692114406819016374741 54028843825759562797 8710934525580328397640 17474183441980277159681 751817176727836600
22692114406819016374741 54028843825759562797 8710934525580328397640 11708450465592596004662 48061294169163136771
22692114406819016374741 54028843825759562797 8710934525580328397640 19819979866222514075317 38457343721643640704
22692114406819016374741 54028843825759562797 8710934525580328397640 18773924868292413753815 24429714088756417762
22692114406819016374741 54028843825759562797 8710934525580328397640 18965538701830559507462 32936264991087101569
22692114406819016374741 54028843825759562797 8710934525580328397640 9997430403979984874263 24546801871577318210
22692114406819016374741 54028843825759562797 8710934525580328397640 11724216844316407120159 11656313470405419740
22692114406819016374741 54028843825759562797 8710934525580328397640 3391579129213966575414 38828755961928941743
22692114406819016374741 54028843825759562797 8710934525580328397640 5107104852720208316603 3566198218661166571
22692114406819016374741 54028843825759562797 8710934525580328397640 3154949482983342323222 22513250014148102347
22692114406819016374741 54028843825759562797 8710934525580328397640 13837143896233240171811 22560949568906456285
22692114406819016374741 54028843825759562797 8710934525580328397640 12373232521397431720643 44636420276346695163
22692114406819016374741 54028843825759562797 8710934525580328397640 12161914562081523811123 22099320033833218118
22692114406819016374741 54028843825759562797 8710934525580328397640 21718528489635560606281 10711476477014800421
22692114406819016374741 54028843825759562797 8710934525580328397640 2522412480108599176501 54025609144208547640
22692114406819016374741 54028843825759562797 8710934525580328397640 5203397275626454018968 14315565072895168379
22692114406819016374741 54028843825759562797 8710934525580328397640 8718102326530616771794 42893516275789899594
22692114406819016374741 54028843825759562797 8710934525580328397640 2690728730189060303250 14944378236187087197
22692114406819016374741 54028843825759562797 8710934525580328397640 2302511344423054113771 26122302558855805188
22692114406819016374741 54028843825759562797 8710934525580328397640 12544123918610654061832 3486011577536477209
22692114406819016374741 54028843825759562797 8710934525580328397640 7678957699017930179602 47345787983964903329
22692114406819016374741 54028843825759562797 8710934525580328397640 18252163288495042596247 6595340274887309045
22692114406819016374741 54028843825759562797 8710934525580328397640 19175723638696341311412 28023541054307722531
22692114406819016374741 54028843825759562797 8710934525580328397640 8373688884567248794362 21457456331520222436
22692114406819016374741 54028843825759562797 8710934525580328397640 20164383868831906838309 21626246034290151266
22692114406819016374741 54028843825759562797 8710934525580328397640 14586310250048196330608 14349670118472124779
22692114406819016374741 54028843825759562797 8710934525580328397640 14942374989090839376192 24369809389409262196
22692114406819016374741 54028843825759562797 8710934525580328397640 1035445553148665621554 7877272755638619110
22692114406819016374741 54028843825759562797 8710934525580328397640 14527086645698336818427 30486441006302219901
22692114406819016374741 54028843825759562797 8710934525580328397640 3012864983757456941202 6306824079662911896
22692114406819016374741 54028843825759562797 8710934525580328397640 10055926831414212017302 11813487899344117357
22692114406819016374741 54028843825759562797 8710934525580328397640 12209578265398469926137 34537575270592544133
22692114406819016374741 54028843825759562797 8710934525580328397640 5817498602961151832210 2411698850198981647
22692114406819016374741 54028843825759562797 8710934525580328397640 17635442019825485111393 16710089125909125527
22692114406819016374741 54028843825759562797 8710934525580328397640 13662084835334568599815 2030652735724495428
22692114406819016374741 54028843825759562797 8710934525580328397640 4800779385188453809478 21917338575075383680
22692114406819016374741 54028843825759562797 8710934525580328397640 17897469428355239612741 35010578904493596557
22692114406819016374741 54028843825759562797 8710934525580328397640 16529671494489483157235 8275605931882164467
22692114406819016374741 54028843825759562797 8710934525580328397640 17776945616732829310105 32621519131771757168
22692114406819016374741 54028843825759562797 8710934525580328397640 14941129854310505575955 2589672375924161475
22692114406819016374741 54028843825759562797 8710934525580328397640 2852938321919433519613 36438283634527712067
22692114406819016374741 54028843825759562797 8710934525580328397640 3927805001596616318099 9335660272428450200
22692114406819016374741 54028843825759562797 8710934525580328397640 9061293726355017947324 26469084372481825938
22692114406819016374741 54028843825759562797 8710934525580328397640 9266919565261806014214 5482134075243556716
22692114406819016374741 54028843825759562797 8710934525580328397640 12995859958735037740121 8651136039271987319
22692114406819016374741 54028843825759562797 8710934525580328397640 7790735012055675447176 39629459184774298223
22692114406819016374741 54028843825759562797 8710934525580328397640 16921183698127201456603 23124020563729052035
22692114406819016374741 54028843825759562797 8710934525580328397640 1547014448726159696104 10492752162373510286
22692114406819016374741 54028843825759562797 8710934525580328397640 20440374412571307308216 24431610861115430802
22692114406819016374741 54028843825759562797 8710934525580328397640 2412836001305075668667 20674598528686677774
22692114406819016374741 54028843825759562797 8710934525580328397640 3957004020604700963887 46909999144750481923
22692114406819016374741 54028843825759562797 8710934525580328397640 14571137417982871830958 48983695104363088498
22692114406819016374741 54028843825759562797 8710934525580328397640 18317945117373803132100 18517541927757582178
22692114406819016374741 54028843825759562797 8710934525580328397640 3574840837277934677567 34880127880226552549
22692114406819016374741 54028843825759562797 8710934525580328397640 8995919684770493362067 39264642940072593941
22692114406819016374741 54028843825759562797 8710934525580328397640 4920678357434139174154 49254721885660249802
22692114406819016374741 54028843825759562797 8710934525580328397640 7319210915193298730118 30428723809337288250
22692114406819016374741 54028843825759562797 8710934525580328397640 6425250044375225254844 49954447018344266772
22692114406819016374741 54028843825759562797 8710934525580328397640 11441853618521042978313 10505307578792822988
22692114406819016374741 54028843825759562797 8710934525580328397640 6072602778445143525745 4080415338576078437
22692114406819016374741 54028843825759562797 8710934525580328397640 20114768668011859544710 32023128282320553589
22692114406819016374741 54028843825759562797 8710934525580328397640 13832609149778851113257 43932904157922482224
22692114406819016374741 54028843825759562797 8710934525580328397640 17253153903947227934112 1959942204912592514
22692114406819016374741 54028843825759562797 8710934525580328397640 20208804835755438423050 41821126637111640742
22692114406819016374741 54028843825759562797 8710934525580328397640 1335342124701309218892 26958431306017785529
22692114406819016374741 54028843825759562797 8710934525580328397640 12311325430907363432329 9975046564568767048
22692114406819016374741 54028843825759562797 8710934525580328397640 19378063409570344683200 40568547140640394831
22692114406819016374741 54028843825759562797 8710934525580328397640 6543442610894092433180 29344731736980040205
22692114406819016374741 54028843825759562797 8710934525580328397640 6558048188594970706609 24542798234941312724
22692114406819016374741 54028843825759562797 8710934525580328397640 8420418439041356959473 16073149968530384642
22692114406819016374741 54028843825759562797 8710934525580328397640 2743484340436828919586 5921813218153193941
22692114406819016374741 54028843825759562797 8710934525580328397640 15860651739159866173156 20006098371845286995
22692114406819016374741 54028843825759562797 8710934525580328397640 19931883027668430859292 10103834489636366914
22692114406819016374741 54028843825759562797 8710934525580328397640 2496938815425730208485 10108249539247153394
22692114406819016374741 54028843825759562797 8710934525580328397640 4663213763053966850830 37964944140054806867
22692114406819016374741 54028843825759562797 8710934525580328397640 11550891702412985600053 20708299303067692921
22692114406819016374741 54028843825759562797 8710934525580328397640 19493765948938553678607 33765563341523066362
22692114406819016374741 54028843825759562797 8710934525580328397640 19092415516812437906408 31513263877135007838
22692114406819016374741 54028843825759562797 8710934525580328397640 1353908621543418678569 19356272699670495491
22692114406819016374741 54028843825759562797 8710934525580328397640 4343187428234241981785 1381056838244443768
22692114406819016374741 54028843825759562797 8710934525580328397640 12107080644542573475089 9579930589936055272
22692114406819016374741 54028843825759562797 8710934525580328397640 3669416845839456930547 16341100949639312399
22692114406819016374741 54028843825759562797 8710934525580328397640 12540307555170943088777 42674386582820291640
22692114406819016374741 54028843825759562797 8710934525580328397640 5214986664746949139083 51159646471306871541
22692114406819016374741 54028843825759562797 8710934525580328397640 3906658445560073666762 34850414093624828950
22692114406819016374741 54028843825759562797 8710934525580328397640 12119446579212176186839 36324691076594449510
276280902216651265645091 952692766264314709121 37874928529236527169430 239984514230585909736640 58604736912257187479
276280902216651265645091 952692766264314709121 37874928529236527169430 254918765701589450061250 828323885046829805731
276280902216651265645091 952692766264314709121 37874928529236527169430 204681067396297896945216 714189990668535606856
276280902216651265645091 952692766264314709121 37874928529236527169430 94368408150338076142329 327191048227592896649
276280902216651265645091 952692766264314709121 37874928529236527169430 28487254723473089200848 198099027100466984085
276280902216651265645091 952692766264314709121 37874928529236527169430 32424514301684157392146 546127604623033588051
276280902216651265645091 952692766264314709121 37874928529236527169430 160892357927739055927856 734612530014864407082
276280902216651265645091 952692766264314709121 37874928529236527169430 66354374089478718281412 291303262825841979355
276280902216651265645091 952692766264314709121 37874928529236527169430 132947146655498202753243 832151955809959307654
276280902216651265645091 952692766264314709121 37874928529236527169430 53620556108983611291263 164031332255127089870
276280902216651265645091 952692766264314709121 37874928529236527169430 232116190599913312696082 767850138205078661318
276280902216651265645091 952692766264314709121 37874928529236527169430 156645862440151217780280 840186159920973296456
276280902216651265645091 952692766264314709121 37874928529236527169430 149175900895785960451592 672799441404827063676
276280902216651265645091 952692766264314709121 37874928529236527169430 103869298305162014872642 278849317983995950152
276280902216651265645091 952692766264314709121 37874928529236527169430 253477548378182607242279 478358531085305433047
276280902216651265645091 952692766264314709121 37874928529236527169430 233391736553047454509612 907557431851964569236
276280902216651265645091 952692766264314709121 37874928529236527169430 62680766278059033243129 84425910434646335833
276280902216651265645091 952692766264314709121 37874928529236527169430 33412577141437931824370 641949294912575461989
276280902216651265645091 952692766264314709121 37874928529236527169430 192840155377293841114081 595090272902106204796
276280902216651265645091 952692766264314709121 37874928529236527169430 46666534265344540742952 657319481241247616757
276280902216651265645091 952692766264314709121 37874928529236527169430 170559358190270908586427 935693667753005204631
276280902216651265645091 952692766264314709121 37874928529236527169430 204023913698566922591374 345399280844588343810
276280902216651265645091 952692766264314709121 37874928529236527169430 215761898639318042233699 824379194931741099329
276280902216651265645091 952692766264314709121 37874928529236527169430 199433443603244904660918 757252356759453487738
276280902216651265645091 952692766264314709121 37874928529236527169430 205551136907985349900791 354751732327188795704
276280902216651265645091 952692766264314709121 37874928529236527169430 208171543159893807591163 758182233123597759368
276280902216651265645091 952692766264314709121 37874928529236527169430 146813193158666218910003 288491485247130429388
276280902216651265645091 952692766264314709121 37874928529236527169430 245722198716449810003782 394963822841785529863
276280902216651265645091 952692766264314709121 37874928529236527169430 156202319296266859108414 712563516232380355081
276280902216651265645091 952692766264314709121 37874928529236527169430 132081932725085529072910 552670903885417320056
276280902216651265645091 952692766264314709121 37874928529236527169430 39182754517093518550 177090703560146373584
276280902216651265645091 952692766264314709121 37874928529236527169430 70401289777816736923978 717165198802762818544
276280902216651265645091 952692766264314709121 37874928529236527169430 88612130595597128596915 660242457581860900977
276280902216651265645091 952692766264314709121 37874928529236527169430 62331402336730786112469 246819787632572188999
276280902216651265645091 952692766264314709121 37874928529236527169430 140729367164408190042860 325750615038845205785
276280902216651265645091 952692766264314709121 37874928529236527169430 196966570705941850130883 886861396176140523751
276280902216651265645091 952692766264314709121 37874928529236527169430 200267703925734926090505 288276712791894895837
276280902216651265645091 952692766264314709121 37874928529236527169430 260887663283598152544910 365567876231183228339
276280902216651265645091 952692766264314709121 37874928529236527169430 220510609147721064419098 536537254112411970675
276280902216651265645091 952692766264314709121 37874928529236527169430 138619522839037252487419 875027617959333958597
276280902216651265645091 952692766264314709121 37874928529236527169430 149576361484262653621247 440232429530234600124
276280902216651265645091 952692766264314709121 37874928529236527169430 194166064030438427947669 287395889587769083637
276280902216651265645091 952692766264314709121 37874928529236527169430 13949542135439799457594 481741947251193536235
276280902216651265645091 952692766264314709121 37874928529236527169430 48043101502925803300325 7363993306815659064
276280902216651265645091 952692766264314709121 37874928529236527169430 188948983447926271465086 916147576607877730289
276280902216651265645091 952692766264314709121 37874928529236527169430 252389099598088520767748 558282971892197568738
276280902216651265645091 952692766264314709121 37874928529236527169430 187641957069556351509406 816313703713109972215
276280902216651265645091 952692766264314709121 37874928529236527169430 124339070718789918429643 885269573673823613255
276280902216651265645091 952692766264314709121 37874928529236527169430 125397629681322131588657 284788027508619592408
276280902216651265645091 952692766264314709121 37874928529236527169430 3415265964185933076490 303837295891654347413
276280902216651265645091 952692766264314709121 37874928529236527169430 146599049674780190211553 940310749862071057095
276280902216651265645091 952692766264314709121 37874928529236527169430 254159887639936474543216 911373438418083491203
276280902216651265645091 952692766264314709121 37874928529236527169430 181160503995017177550490 175429949923577679252
276280902216651265645091 952692766264314709121 37874928529236527169430 77781132437708827008377 939977633611752910804
276280902216651265645091 952692766264314709121 37874928529236527169430 116769909737928558168019 240090600761440896957
276280902216651265645091 952692766264314709121 37874928529236527169430 132585102982603947873906 191754064435213183495
276280902216651265645091 952692766264314709121 37874928529236527169430 86960482023749462362411 60885668572390102821
276280902216651265645091 952692766264314709121 37874928529236527169430 138237382711541401762907 513449257615617069013
276280902216651265645091 952692766264314709121 37874928529236527169430 196742764993400896464517 123560201621122609339
276280902216651265645091 952692766264314709121 37874928529236527169430 247679533101210065730661 935115531646496310616
276280902216651265645091 952692766264314709121 37874928529236527169430 207026971170103903799519 647847673415737795588
276280902216651265645091 952692766264314709121 37874928529236527169430 23901568588373410434573 164784574644001674500
276280902216651265645091 952692766264314709121 37874928529236527169430 76339375359870127088288 489912518832217023786
276280902216651265645091 952692766264314709121 37874928529236527169430 211206261454172782154065 105959408499072830558
276280902216651265645091 952692766264314709121 37874928529236527169430 61902861707339024753833 61125171294194426013
276280902216651265645091 952692766264314709121 37874928529236527169430 72266668863384428226725 641880833670559677660
276280902216651265645091 952692766264314709121 37874928529236527169430 50684883551571142489802 825940342988790821121
276280902216651265645091 952692766264314709121 37874928529236527169430 154935711600105297120737 934247208132386025642
276280902216651265645091 952692766264314709121 37874928529236527169430 549348242139915949767 595856089422238369440
276280902216651265645091 952692766264314709121 37874928529236527169430 201768674230667027919211 318902662237164626083
276280902216651265645091 952692766264314709121 37874928529236527169430 211026093031538561947687 681324284722595389660
276280902216651265645091 952692766264314709121 37874928529236527169430 224665470979402791037743 937209779651212801312
276280902216651265645091 952692766264314709121 37874928529236527169430 71504521059098724285172 79382810014953647949
276280902216651265645091 952692766264314709121 37874928529236527169430 123369757333859064597396 453979858429503446953
276280902216651265645091 952692766264314709121 37874928529236527169430 65966195237374204751333 660313678933325683076
276280902216651265645091 952692766264314709121 37874928529236527169430 39294344358772477372064 209159741029716422416
276280902216651265645091 952692766264314709121 37874928529236527169430 75305223967019976411745 552891699686400339504
276280902216651265645091 952692766264314709121 37874928529236527169430 233606505445027935336515 831854084303079757969
276280902216651265645091 952692766264314709121 37874928529236527169430 51976821082213063042156 682092641860382419022
276280902216651265645091 952692766264314709121 37874928529236527169430 91559220119618292139205 586906099548905439460
276280902216651265645091 952692766264314709121 37874928529236527169430 83974943037330609495833 80888240209956371310
276280902216651265645091 952692766264314709121 37874928529236527169430 228434731945259065541740 168718415709903773653
276280902216651265645091 952692766264314709121 37874928529236527169430 198428264730743775353712 542602559432308098526
276280902216651265645091 952692766264314709121 37874928529236527169430 186058431643666850720953 15057876257864748158
276280902216651265645091 952692766264314709121 37874928529236527169430 15958090030549593423467 858735534431350272094
276280902216651265645091 952692766264314709121 37874928529236527169430 156172900845886463139323 270354860229464441158
276280902216651265645091 952692766264314709121 37874928529236527169430 128535480699184603366259 575205666757075766745
276280902216651265645091 952692766264314709121 37874928529236527169430 139230688879522872641158 114312007380891881594
276280902216651265645091 952692766264314709121 37874928529236527169430 127663683641949109309531 570543829265658218882
276280902216651265645091 952692766264314709121 37874928529236527169430 139552905151394466426294 113794521383071498000
276280902216651265645091 952692766264314709121 37874928529236527169430 39467518121220506352116 632492202964990974152
276280902216651265645091 952692766264314709121 37874928529236527169430 154842317559646231057941 12050802219934928762
276280902216651265645091 952692766264314709121 37874928529236527169430 168927555379619304444065 583668564155469267383
276280902216651265645091 952692766264314709121 37874928529236527169430 271753745006752281521164 881690633449603425342
276280902216651265645091 952692766264314709121 37874928529236527169430 200103148817887422636174 947764136299356511220
276280902216651265645091 952692766264314709121 37874928529236527169430 134950751342395814029376 929860848505928577879
276280902216651265645091 952692766264314709121 37874928529236527169430 23243083735233167759934 238334000269014267591
276280902216651265645091 952692766264314709121 37874928529236527169430 9683136278719745275456 752170692573220090178
276280902216651265645091 952692766264314709121 37874928529236527169430 61574139595399352304441 435658981016858640261
276280902216651265645091 952692766264314709121 37874928529236527169430 57969367804105832766677 810530889293106106132
2819161817596443036582343 3820002462867808992659 793192690769364270166502 1791962856277060688792541 845687658627927604476
2819161817596443036582343 3820002462867808992659 793192690769364270166502 1309454470676802500155845 1845684573196705439038
2819161817596443036582343 3820002462867808992659 793192690769364270166502 1635575812817576492157443 143613059842168723900
2819161817596443036582343 3820002462867808992659 793192690769364270166502 249946997440203408409456 3263548059866097995634
2819161817596443036582343 3820002462867808992659 793192690769364270166502 1137456089847914868494218 3493267356714225863812
2819161817596443036582343 3820002462867808992659 793192690769364270166502 2576288331907306909145658 3644191074630831017945
2819161817596443036582343 3820002462867808992659 793192690769364270166502 330261119868504208847871 3405821486622274094514
2819161817596443036582343 3820002462867808992659 793192690769364270166502 1120399763048775838651168 865305736130725548060
2819161817596443036582343 3820002462867808992659 793192690769364270166502 474784943052284347298768 1926331107827370390525
2819161817596443036582343 3820002462867808992659 793192690769364270166502 928745616375574231523725 919429703228123442491
2819161817596443036582343 3820002462867808992659 793192690769364270166502 347615590539198385006328 1179537346456789245827
2819161817596443036582343 3820002462867808992659 793192690769364270166502 322508870531874277156499 3661015087511519768638
2819161817596443036582343 3820002462867808992659 793192690769364270166502 1590336619614498576265418 3214176682852894765373
2819161817596443036582343 3820002462867808992659 793192690769364270166502 1896093414722407701173164 972992948576418921358
2819161817596443036582343 3820002462867808992659 793192690769364270166502 101687436502469913725205 346955202605201945159
2819161817596443036582343 3820002462867808992659 793192690769364270166502 2466967516219608907378634 2565645262587041043523
2819161817596443036582343 3820002462867808992659 793192690769364270166502 732590146188373803838532 78069480981406854257
2819161817596443036582343 3820002462867808992659 793192690769364270166502 2208506552601432160404104 2452383700768583174303
2819161817596443036582343 3820002462867808992659 793192690769364270166502 387515365468554434977422 2582410162326990165070
2819161817596443036582343 3820002462867808992659 793192690769364270166502 1390435453243809811925573 75267249086302235061
2819161817596443036582343 3820002462867808992659 793192690769364270166502 1860176899328154336592425 1285477754113899295482
2819161817596443036582343 3820002462867808992659 793192690769364270166502 585861970646822596569866 2863499950457323760515
2819161817596443036582343 3820002462867808992659 793192690769364270166502 603823009138692852892 958580546818474068334
2819161817596443036582343 3820002462867808992659 793192690769364270166502 2057401918982511854179847 209483389186392897888
2819161817596443036582343 3820002462867808992659 793192690769364270166502 635669540102626677522894 1156535666043372310276
2819161817596443036582343 3820002462867808992659 793192690769364270166502 356634325651548003015793 2215454609580878454851
2819161817596443036582343 3820002462867808992659 793192690769364270166502 959239029215020285367991 2005184509689035842860
2819161817596443036582343 3820002462867808992659 793192690769364270166502 990598592122385600402498 530350636234898476138
2819161817596443036582343 3820002462867808992659 793192690769364270166502 1843273277676013902469580 166152350569525157285
2819161817596443036582343 3820002462867808992659 793192690769364270166502 2053534365217502605418377 186655539317689575403
2819161817596443036582343 3820002462867808992659 793192690769364270166502 798013576098589678545585 2754152732048029173298
2819161817596443036582343 3820002462867808992659 793192690769364270166502 1693629304794549914633538 2321512296104143246683
2819161817596443036582343 3820002462867808992659 793192690769364270166502 1129600856302645406544802 946831463950516474173
2819161817596443036582343 3820002462867808992659 793192690769364270166502 952668643453496564481600 705766188878066214641
2819161817596443036582343 3820002462867808992659 793192690769364270166502 2569179460046964062378979 511873918507358571746
2819161817596443036582343 3820002462867808992659 793192690769364270166502 1416942175990880530041300 1490614481023902865263
2819161817596443036582343 3820002462867808992659 793192690769364270166502 2036582516978096150392716 2626174889144549988400
2819161817596443036582343 3820002462867808992659 793192690769364270166502 1079931007193978699879881 1870276153096773548771
2819161817596443036582343 3820002462867808992659 793192690769364270166502 2657520865740250144187609 1098924905954660365833
2819161817596443036582343 3820002462867808992659 793192690769364270166502 1461177739402180002593420 2853473974788349192127
2819161817596443036582343 3820002462867808992659 793192690769364270166502 1687467531988436463785455 493997491718447844871
2819161817596443036582343 3820002462867808992659 793192690769364270166502 1533965588727162690323541 2202741108585201407694
2819161817596443036582343 3820002462867808992659 793192690769364270166502 2000752391968792516744531 2113787205720245043397
2819161817596443036582343 3820002462867808992659 793192690769364270166502 718848417553040005264331 1059574656012473566795
2819161817596443036582343 3820002462867808992659 793192690769364270166502 135116778522465894224127 2361164685472681316875
2819161817596443036582343 3820002462867808992659 793192690769364270166502 2460339949565524616074797 1688273572688528127771
2819161817596443036582343 3820002462867808992659 793192690769364270166502 2296010861190372869570408 671849380157529363772
2819161817596443036582343 3820002462867808992659 793192690769364270166502 566413821569851460246052 2464089662117068859500
2819161817596443036582343 3820002462867808992659 793192690769364270166502 1437988211201948614847255 2486407097453181496058
2819161817596443036582343 3820002462867808992659 793192690769364270166502 1858035062633439990930290 2321403194942158988093
2819161817596443036582343 3820002462867808992659 793192690769364270166502 146539501865822224221734 3582188543425169496308
2819161817596443036582343 3820002462867808992659 793192690769364270166502 350874107057871179113699 215406848142194810030
2819161817596443036582343 3820002462867808992659 793192690769364270166502 1710758046644892104530463 3503245048686601838597
2819161817596443036582343 3820002462867808992659 793192690769364270166502 1589640025047280452585026 1948344107662746792191
2819161817596443036582343 3820002462867808992659 793192690769364270166502 311184246276293161362715 2878534098937929803487
2819161817596443036582343 3820002462867808992659 793192690769364270166502 236480532524975088863653 396860428481819398623
2819161817596443036582343 3820002462867808992659 793192690769364270166502 2464303720300113325671290 3578382077310138451913
2819161817596443036582343 3820002462867808992659 793192690769364270166502 2104777937483902272426663 2681132054494243942681
2819161817596443036582343 3820002462867808992659 793192690769364270166502 2369332136210804435069072 1110432645465126937136
2819161817596443036582343 3820002462867808992659 793192690769364270166502 1065779716977727651741665 2649318457103191401669
2819161817596443036582343 3820002462867808992659 793192690769364270166502 653752183152105049685483 841082516434435104895
2819161817596443036582343 3820002462867808992659 793192690769364270166502 1410011469922043543799657 744720418653327865838
2819161817596443036582343 3820002462867808992659 793192690769364270166502 397004513721316162965377 1079794346983559959444
2819161817596443036582343 3820002462867808992659 793192690769364270166502 2048587322237956530927703 1350969354889039830922
2819161817596443036582343 3820002462867808992659 793192690769364270166502 2811491871544415338847642 3414492265724889823502
2819161817596443036582343 3820002462867808992659 793192690769364270166502 907415616754712292473645 1877823413631748413826
2819161817596443036582343 3820002462867808992659 793192690769364270166502 256447534871037621273807 2268407739177632699784
2819161817596443036582343 3820002462867808992659 793192690769364270166502 1521618636983907234033912 2190716559560883306560
2819161817596443036582343 3820002462867808992659 793192690769364270166502 1678641734913784736319225 353202970589782547784
2819161817596443036582343 3820002462867808992659 793192690769364270166502 2149187505474453595618440 2972411023666255987074
2819161817596443036582343 3820002462867808992659 793192690769364270166502 2750886915197233843119281 2979566073295473398237
2819161817596443036582343 3820002462867808992659 793192690769364270166502 588106551157004493561649 3276845150297999423690
2819161817596443036582343 3820002462867808992659 793192690769364270166502 4861319270812662189031 679071197297845761545
2819161817596443036582343 3820002462867808992659 793192690769364270166502 2493851726339406935266618 23417273873258346681
2819161817596443036582343 3820002462867808992659 793192690769364270166502 2152345108799284727371157 2775314716962331855007
2819161817596443036582343 3820002462867808992659 793192690769364270166502 91703146565221127696792 1033419112007624322937
2819161817596443036582343 3820002462867808992659 793192690769364270166502 2417300838166835842119616 1495539012935850992438
2819161817596443036582343 3820002462867808992659 793192690769364270166502 1736107280220604653436793 643101011082993767350
2819161817596443036582343 3820002462867808992659 793192690769364270166502 2388713568603340539021853 2870576456399539396503
2819161817596443036582343 3820002462867808992659 793192690769364270166502 115901295915896221141065 45770362896869789229
2819161817596443036582343 3820002462867808992659 793192690769364270166502 923570776480109103559334 2789368696224117625965
2819161817596443036582343 3820002462867808992659 793192690769364270166502 977660129512842724475905 395476035801089036483
2819161817596443036582343 3820002462867808992659 793192690769364270166502 1092682162941063545440836 2979974571829024888280
2819161817596443036582343 3820002462867808992659 793192690769364270166502 928657773431901162878837 1416094313800827670677
2819161817596443036582343 3820002462867808992659 793192690769364270166502 2573879945245961213958316 580958891409644301239
2819161817596443036582343 3820002462867808992659 793192690769364270166502 346247134604614091158166 33286540946549503487
2819161817596443036582343 3820002462867808992659 793192690769364270166502 2454767001440197149722977 1376274204467159416040
2819161817596443036582343 3820002462867808992659 793192690769364270166502 125502335301178090053111 2494108221185642169065
2819161817596443036582343 3820002462867808992659 793192690769364270166502 1668745336479591685353250 3803782028824883548054
2819161817596443036582343 3820002462867808992659 793192690769364270166502 2546675379329869237117228 1972917964336602385359
2819161817596443036582343 3820002462867808992659 793192690769364270166502 504071142582900786350790 1338279430353316750005
2819161817596443036582343 3820002462867808992659 793192690769364270166502 1945021553101714224944148 2103495455097099351695
2819161817596443036582343 3820002462867808992659 793192690769364270166502 2332373470651252296809414 1564481559044500613833
2819161817596443036582343 3820002462867808992659 793192690769364270166502 55774169459928624895151 2464558525235652850458
2819161817596443036582343 3820002462867808992659 793192690769364270166502 91170401567953855729709 1828609912956151101969
2819161817596443036582343 3820002462867808992659 793192690769364270166502 2813007160069665793876289 1297747704395478603254
2819161817596443036582343 3820002462867808992659 793192690769364270166502 2352292528824962034766991 229492741404524508370
2819161817596443036582343 3820002462867808992659 793192690769364270166502 734677137059334469301983 1469726293026100460379
2819161817596443036582343 3820002462867808992659 793192690769364270166502 2326920257168089469381006 3814360588909420992115
2819161817596443036582343 3820002462867808992659 793192690769364270166502 1039454790909518634113883 2754281367822499671646
16085999884839597142647689 46761627572208131228627 13706617765877465809283083 7750359384734267242190671 12797123413947930082302
16085999884839597142647689 46761627572208131228627 13706617765877465809283083 5317631046632209791952457 39217029310295416509805
16085999884839597142647689 46761627572208131228627 13706617765877465809283083 3590720427963998931145111 6676970357087029743914
16085999884839597142647689 46761627572208131228627 13706617765877465809283083 8656246757773214029233345 33215139551400295520762
16085999884839597142647689 46761627572208131228627 13706617765877465809283083 6003436020972063442930433 5603997162385958129156
16085999884839597142647689 46761627572208131228627 13706617765877465809283083 6584722614223415208890547 18163363195277025356844
16085999884839597142647689 46761627572208131228627 13706617765877465809283083 12009831465312048119430657 10487185026648333627738
16085999884839597142647689 46761627572208131228627 13706617765877465809283083 10626114779542951020594980 31932194365341760224373
16085999884839597142647689 46761627572208131228627 13706617765877465809283083 9321248016812345860527791 963379231490692283037
16085999884839597142647689 46761627572208131228627 13706617765877465809283083 12198270209087098164337001 15444728787409896940839
16085999884839597142647689 46761627572208131228627 13706617765877465809283083 11813824118406665704553125 12093114869269125042960
16085999884839597142647689 46761627572208131228627 13706617765877465809283083 13216269214106619265852100 34321305673349977951938
16085999884839597142647689 46761627572208131228627 13706617765877465809283083 7568987662385524628486732 20913808260961766296706
16085999884839597142647689 46761627572208131228627 13706617765877465809283083 3060272880382725206440720 32835229172040657296759
16085999884839597142647689 46761627572208131228627 13706617765877465809283083 15207512626254397315983293 549199193399114136903
16085999884839597142647689 46761627572208131228627 13706617765877465809283083 240062336513018779929165 5376971688934439174556
16085999884839597142647689 46761627572208131228627 13706617765877465809283083 8143997757052453824453255 31611105516425044379168
16085999884839597142647689 46761627572208131228627 13706617765877465809283083 10640066915298164569231404 45609445610138237204864
16085999884839597142647689 46761627572208131228627 13706617765877465809283083 10087988671290155738193249 35541253613255663550155
16085999884839597142647689 46761627572208131228627 13706617765877465809283083 1368386678464267108500098 11299075177163173033232
16085999884839597142647689 46761627572208131228627 13706617765877465809283083 14970488862129022398677059 24542017732579508485461
16085999884839597142647689 46761627572208131228627 13706617765877465809283083 14412152599563129590405113 41373544938222416991358
16085999884839597142647689 46761627572208131228627 13706617765877465809283083 14141824841472019995387784 16731052594280007841661
16085999884839597142647689 46761627572208131228627 13706617765877465809283083 15340985705579645801298419 27175771315886734179804
16085999884839597142647689 46761627572208131228627 13706617765877465809283083 3326886946648150942028797 20082227091250009737639
16085999884839597142647689 46761627572208131228627 13706617765877465809283083 11462145844911638797201782 22511963318373899886911
16085999884839597142647689 46761627572208131228627 13706617765877465809283083 4369707053331189862030325 18085851729573626553306
16085999884839597142647689 46761627572208131228627 13706617765877465809283083 14035285036706490969729664 41326821439808119601807
16085999884839597142647689 46761627572208131228627 13706617765877465809283083 3773193542749216172542313 31617585147010526083399
16085999884839597142647689 46761627572208131228627 13706617765877465809283083 15206078081611204744147740 2232610550735439062674
16085999884839597142647689 46761627572208131228627 13706617765877465809283083 15789446684927785672094172 24895447388215355838737
16085999884839597142647689 46761627572208131228627 13706617765877465809283083 14359180599893395053971901 16850053904306843736144
16085999884839597142647689 46761627572208131228627 13706617765877465809283083 13216603098664845255606770 23387214111430581505321
16085999884839597142647689 46761627572208131228627 13706617765877465809283083 14730559623261929084686828 10084499883476226926610
16085999884839597142647689 46761627572208131228627 13706617765877465809283083 11023108962365163165795509 14777310822135128571059
16085999884839597142647689 46761627572208131228627 13706617765877465809283083 9260670907293228735465967 29908301813791601066029
16085999884839597142647689 46761627572208131228627 13706617765877465809283083 13794258830392878785896763 573018672174068867113
16085999884839597142647689 46761627572208131228627 13706617765877465809283083 5651000642507840385233141 44916233465358099792198
16085999884839597142647689 46761627572208131228627 13706617765877465809283083 15731695952954050773980695 670387185536284865016
16085999884839597142647689 46761627572208131228627 13706617765877465809283083 12024320784825302307550441 23507043771760328815213
16085999884839597142647689 46761627572208131228627 13706617765877465809283083 3715513136504983536650883 1609183268231137319429
16085999884839597142647689 46761627572208131228627 13706617765877465809283083 957487524094372559503637 19767603647409383977722
16085999884839597142647689 46761627572208131228627 13706617765877465809283083 534702685250862595532361 16025630757145509057345
16085999884839597142647689 46761627572208131228627 13706617765877465809283083 8684191789743338310454313 17354888303712939300968
16085999884839597142647689 46761627572208131228627 13706617765877465809283083 8031701594588769520682147 32723417966235973099163
16085999884839597142647689 46761627572208131228627 13706617765877465809283083 5814046263812158366108030 6711896620724351426463
16085999884839597142647689 46761627572208131228627 13706617765877465809283083 16084462579052512610814049 45263727524777541352724
16085999884839597142647689 46761627572208131228627 13706617765877465809283083 1730763925998648887355646 22874058983790266985929
16085999884839597142647689 46761627572208131228627 13706617765877465809283083 6434379262011103352803465 37715479752259560047636
16085999884839597142647689 46761627572208131228627 13706617765877465809283083 336996297518474560606615 25936042928919033870511
16085999884839597142647689 46761627572208131228627 13706617765877465809283083 14314121826292387765391332 39522597748553590144354
16085999884839597142647689 46761627572208131228627 13706617765877465809283083 939016216491593884808375 38441082125973730171659
16085999884839597142647689 46761627572208131228627 13706617765877465809283083 12024088904409672518213285 34724986953697774780673
16085999884839597142647689 46761627572208131228627 13706617765877465809283083 10507532224502884029132700 15175736970253460491707
16085999884839597142647689 46761627572208131228627 13706617765877465809283083 12210209594529005825904236 3311277865879161509090
16085999884839597142647689 46761627572208131228627 13706617765877465809283083 4379449686832207775551946 2618341894022038243278
16085999884839597142647689 46761627572208131228627 13706617765877465809283083 3849148607067812333402827 45943162985565454158571
16085999884839597142647689 46761627572208131228627 13706617765877465809283083 2833164166460779035709643 26069916414286471833140
16085999884839597142647689 46761627572208131228627 13706617765877465809283083 1183765084210463782684657 3911550755962107205436
16085999884839597142647689 46761627572208131228627 13706617765877465809283083 349291999430717127604579 2004543153870187161954
16085999884839597142647689 46761627572208131228627 13706617765877465809283083 6545320462545291454354726 45742461603961738139800
16085999884839597142647689 46761627572208131228627 13706617765877465809283083 11181151778164711637000858 43936417180204037850254
16085999884839597142647689 46761627572208131228627 13706617765877465809283083 5375038202773025840282315 8809488663266056309203
16085999884839597142647689 46761627572208131228627 13706617765877465809283083 4373550510520141070545601 33782060989823725005801
16085999884839597142647689 46761627572208131228627 13706617765877465809283083 13680479937572238826623430 35867823735315974044454
16085999884839597142647689 46761627572208131228627 13706617765877465809283083 930233793451217492683703 16834352668788723429639
16085999884839597142647689 46761627572208131228627 13706617765877465809283083 5239312545286620968651433 20045840436990025575451
16085999884839597142647689 46761627572208131228627 13706617765877465809283083 233974027751572669687579 16348640670671931286185
16085999884839597142647689 46761627572208131228627 13706617765877465809283083 7375093189517024676903711 9720155822648614415980
16085999884839597142647689 46761627572208131228627 13706617765877465809283083 6010113601178023845629665 14749632019389016723692
16085999884839597142647689 46761627572208131228627 13706617765877465809283083 3700582614012244948296872 547959264429393991520
16085999884839597142647689 46761627572208131228627 13706617765877465809283083 3875590573659644786665173 39298679810162833479561
16085999884839597142647689 46761627572208131228627 13706617765877465809283083 13765800682298459798553806 3730282292164591869874
16085999884839597142647689 46761627572208131228627 13706617765877465809283083 5771714861280726773947378 8376136611160503468969
16085999884839597142647689 46761627572208131228627 13706617765877465809283083 11614711774127935526997635 42266119356219407378089
16085999884839597142647689 46761627572208131228627 13706617765877465809283083 8074505797842062207230760 3665377871676553362831
16085999884839597142647689 46761627572208131228627 13706617765877465809283083 12132310159563715470997552 7184249119391875812802
16085999884839597142647689 46761627572208131228627 13706617765877465809283083 4992152935548183712084607 26946581938302167004595
16085999884839597142647689 46761627572208131228627 13706617765877465809283083 15548901961545876744348094 6441639733620361899659
16085999884839597142647689 46761627572208131228627 13706617765877465809283083 11572648261002727206666793 19557273858088374962486
16085999884839597142647689 46761627572208131228627 13706617765877465809283083 456818771926738008699267 21097410953367192202513
16085999884839597142647689 46761627572208131228627 13706617765877465809283083 3436709618332268854461880 40072870975046855083308
16085999884839597142647689 46761627572208131228627 13706617765877465809283083 9946162864610500254760505 44214134604041754456999
16085999884839597142647689 46761627572208131228627 13706617765877465809283083 10524297685468016279414903 21316971738591290067374
16085999884839597142647689 46761627572208131228627 13706617765877465809283083 11174785553155174884247297 4112648879349567792086
16085999884839597142647689 46761627572208131228627 13706617765877465809283083 214474362966217726778871 40412116917593305788405
16085999884839597142647689 46761627572208131228627 13706617765877465809283083 7778508869126201761757479 1356676655180694409058
16085999884839597142647689 46761627572208131228627 13706617765877465809283083 15333924306695199778725911 37606216802865149365328
16085999884839597142647689 46761627572208131228627 13706617765877465809283083 2520338303244664292082684 45212814369935604871949
16085999884839597142647689 46761627572208131228627 13706617765877465809283083 4386601802712106168431916 1722823292411081633431
16085999884839597142647689 46761627572208131228627 13706617765877465809283083 13778307423138350242352689 20780180515473901588412
16085999884839597142647689 46761627572208131228627 13706617765877465809283083 2523392353839526357371180 7148994175699825907076
16085999884839597142647689 46761627572208131228627 13706617765877465809283083 5141533503430206741524734 17340866594524777898727
16085999884839597142647689 46761627572208131228627 13706617765877465809283083 2593536953320240984551246 1351051292105031678904
16085999884839597142647689 46761627572208131228627 13706617765877465809283083 11334146975938548040219197 19987246425659148233476
16085999884839597142647689 46761627572208131228627 13706617765877465809283083 12115962881313311565099913 941420259343429152467
16085999884839597142647689 46761627572208131228627 13706617765877465809283083 16080753731217200988841755 8689246166190949776315
16085999884839597142647689 46761627572208131228627 13706617765877465809283083 4455164784065316592315434 31122047169447270291410
16085999884839597142647689 46761627572208131228627 13706617765877465809283083 5658553935871740153334626 2464963850161244261195
16085999884839597142647689 46761627572208131228627 13706617765877465809283083 259672532404583084634806 12577584584545910465458
469391097167808137182242947 696425960189626316294129 4192751402280402075976868 38736183024328328215121770 77303817770169983914153
469391097167808137182242947 696425960189626316294129 4192751402280402075976868 175252444497961880273535888 605374014094318682568742
469391097167808137182242947 696425960189626316294129 4192751402280402075976868 322360420559320718816926848 386389781177547859815879
469391097167808137182242947 696425960189626316294129 4192751402280402075976868 34768609917987169911211179 137185758824562013058747
469391097167808137182242947 696425960189626316294129 4192751402280402075976868 388432179059316195891414502 132389749561320260861339
469391097167808137182242947 696425960189626316294129 4192751402280402075976868 204556325106401160360372414 638106036673715953025278
469391097167808137182242947 696425960189626316294129 4192751402280402075976868 323359883472075105838097160 531039958328863392954593
469391097167808137182242947 696425960189626316294129 4192751402280402075976868 227979231707046705378831419 336997834417034920441628
469391097167808137182242947 696425960189626316294129 4192751402280402075976868 167105418687637101077065794 50741449481666331816249
469391097167808137182242947 696425960189626316294129 4192751402280402075976868 206688748430739608515328985 60416561720494772328663
469391097167808137182242947 696425960189626316294129 4192751402280402075976868 327433384963132792993914482 523233166942692584313818
469391097167808137182242947 696425960189626316294129 4192751402280402075976868 192816892732579286057058042 122680566177650560427683
469391097167808137182242947 696425960189626316294129 4192751402280402075976868 377966877855042531183021148 52985053878084670929568
469391097167808137182242947 696425960189626316294129 4192751402280402075976868 33750976192599362847351878 490838942473330718194147
469391097167808137182242947 696425960189626316294129 4192751402280402075976868 169823021798117086783884040 6343423168887969082246
469391097167808137182242947 696425960189626316294129 4192751402280402075976868 332163879038965860643518366 651599446392296486072341
469391097167808137182242947 696425960189626316294129 4192751402280402075976868 414314127142519531521061766 284766329087335861079979
469391097167808137182242947 696425960189626316294129 4192751402280402075976868 55928603617615526538686427 67064480063064866734663
469391097167808137182242947 696425960189626316294129 4192751402280402075976868 193344902797286000628545452 284504663685874299873918
469391097167808137182242947 696425960189626316294129 4192751402280402075976868 313729880126050956074830248 667702381463952978776311
469391097167808137182242947 696425960189626316294129 4192751402280402075976868 239626728662876259596993039 319011171121604028103161
469391097167808137182242947 696425960189626316294129 4192751402280402075976868 407725997964114757704808558 412139805487276677165725
469391097167808137182242947 696425960189626316294129 4192751402280402075976868 182426689710852611494253182 678128631670743079551950
469391097167808137182242947 696425960189626316294129 4192751402280402075976868 352781591778074209422675361 336995595977513687849483
469391097167808137182242947 696425960189626316294129 4192751402280402075976868 102875226219725037474351081 207441658889476452226604
469391097167808137182242947 696425960189626316294129 4192751402280402075976868 182950393440511028173614844 626350459485244544938852
469391097167808137182242947 696425960189626316294129 4192751402280402075976868 324473677645383835258360342 558227170394436457113870
469391097167808137182242947 696425960189626316294129 4192751402280402075976868 155917435852892184840780304 162289931737103156271248
469391097167808137182242947 696425960189626316294129 4192751402280402075976868 179039039814861162175530288 684683618350795690728850
469391097167808137182242947 696425960189626316294129 4192751402280402075976868 388239510282270432791655400 224834232983384320460539
469391097167808137182242947 696425960189626316294129 4192751402280402075976868 313454322223579070673742338 199633686323822671633539
469391097167808137182242947 696425960189626316294129 4192751402280402075976868 264600188283994516177758097 83847201633509103699045
469391097167808137182242947 696425960189626316294129 4192751402280402075976868 400778786823289912172465510 537733451975834687870309
469391097167808137182242947 696425960189626316294129 4192751402280402075976868 358450333459653581924018437 49815669754983760032045
469391097167808137182242947 696425960189626316294129 4192751402280402075976868 45902925682853569706676325 691260564010414514203901
469391097167808137182242947 696425960189626316294129 4192751402280402075976868 132041090070806801183372819 400665829050054154435429
469391097167808137182242947 696425960189626316294129 4192751402280402075976868 345669415007698533968369965 84234230796531752100382
469391097167808137182242947 696425960189626316294129 4192751402280402075976868 412633979703721093689954466 437109600713320013957589
469391097167808137182242947 696425960189626316294129 4192751402280402075976868 353880601201255981102836708 675794128271425949768448
469391097167808137182242947 696425960189626316294129 4192751402280402075976868 388028251466948194364709149 96756009720010267805138
469391097167808137182242947 696425960189626316294129 4192751402280402075976868 285772914208021708552810996 9679250876022770556769
469391097167808137182242947 696425960189626316294129 4192751402280402075976868 52248618864943379057134438 73540436034258737978693
469391097167808137182242947 696425960189626316294129 4192751402280402075976868 68668892127015539857848623 556359508797065820096360
469391097167808137182242947 696425960189626316294129 4192751402280402075976868 455062017958326670755293445 76411603575888665812341
469391097167808137182242947 696425960189626316294129 4192751402280402075976868 95449280980420955829606417 376745088809512349727325
469391097167808137182242947 696425960189626316294129 4192751402280402075976868 74000092325661361279532633 394337393848047387061877
469391097167808137182242947 696425960189626316294129 4192751402280402075976868 318321669664487480196474245 405239400595743799620804
469391097167808137182242947 696425960189626316294129 4192751402280402075976868 433930341429204356998061014 583787662192994376997167
469391097167808137182242947 696425960189626316294129 4192751402280402075976868 291193171257203785912035282 621417232806823619204305
469391097167808137182242947 696425960189626316294129 4192751402280402075976868 66796659302819478354135808 650010172202139684432387
469391097167808137182242947 696425960189626316294129 4192751402280402075976868 193669484170863622186728298 474144686828012102990247
469391097167808137182242947 696425960189626316294129 4192751402280402075976868 120839711399285100915657873 523232052169749224603333
469391097167808137182242947 696425960189626316294129 4192751402280402075976868 273656993116175108915696589 609507220684476334897496
469391097167808137182242947 696425960189626316294129 4192751402280402075976868 421475475955725914332829982 74410553526963096092289
469391097167808137182242947 696425960189626316294129 4192751402280402075976868 194932814133475703233345061 34941312954137657409258
469391097167808137182242947 696425960189626316294129 4192751402280402075976868 5763044682040118559604183 71031881658562829100138
469391097167808137182242947 696425960189626316294129 4192751402280402075976868 305419340006755163403241050 208830492958499500503465
469391097167808137182242947 696425960189626316294129 4192751402280402075976868 420746655374783470607126655 102765771400405745045636
469391097167808137182242947 696425960189626316294129 4192751402280402075976868 32773007283481975882081578 345089153765836527421206
469391097167808137182242947 696425960189626316294129 4192751402280402075976868 413053444284337240437196298 428866451575066137057837
469391097167808137182242947 696425960189626316294129 4192751402280402075976868 460395021016187627572516641 440837742665276054401587
469391097167808137182242947 696425960189626316294129 4192751402280402075976868 138580192909821096123304252 291159911962523777129646
469391097167808137182242947 696425960189626316294129 4192751402280402075976868 347187178275366220530428379 492209755713110876037738
469391097167808137182242947 696425960189626316294129 4192751402280402075976868 108158077096087376837339068 672726432121964323929713
469391097167808137182242947 696425960189626316294129 4192751402280402075976868 204824833598628291873323282 281928899524609381449400
469391097167808137182242947 696425960189626316294129 4192751402280402075976868 343178361045974848787613314 125557308052473124132755
469391097167808137182242947 696425960189626316294129 4192751402280402075976868 168581424953762804228205871 161281424429789378394447
469391097167808137182242947 696425960189626316294129 4192751402280402075976868 102317798516586097995109273 484146394142538528093463
469391097167808137182242947 696425960189626316294129 4192751402280402075976868 376783625423664833799893739 401719476139920214944049
469391097167808137182242947 696425960189626316294129 4192751402280402075976868 367824230015818026101092870 48202746179627699497132
469391097167808137182242947 696425960189626316294129 4192751402280402075976868 123753339614370551352493620 473207019272995074049082
469391097167808137182242947 696425960189626316294129 4192751402280402075976868 263163547917535292643337672 108677139831391283764213
469391097167808137182242947 696425960189626316294129 4192751402280402075976868 15608581335156040656153348 689807792882313665545265
469391097167808137182242947 696425960189626316294129 4192751402280402075976868 145191572322800957385529978 237934988045594611485604
469391097167808137182242947 696425960189626316294129 4192751402280402075976868 348819037103343553941933529 323875942789533750129274
469391097167808137182242947 696425960189626316294129 4192751402280402075976868 109913316912603910537746115 256925843998861989495941
469391097167808137182242947 696425960189626316294129 4192751402280402075976868 226624911263200955098908723 210619207391263838300617
469391097167808137182242947 696425960189626316294129 4192751402280402075976868 283506298861074081837536697 588808506683509337286144
469391097167808137182242947 696425960189626316294129 4192751402280402075976868 453865909604092722903062644 305439300251831017775554
469391097167808137182242947 696425960189626316294129 4192751402280402075976868 41508865617061677177093528 265475887073696776988851
469391097167808137182242947 696425960189626316294129 4192751402280402075976868 175084234007675909616734528 112946389678175153528026
469391097167808137182242947 696425960189626316294129 4192751402280402075976868 363947035788349047404604634 649926539331957501622351
469391097167808137182242947 696425960189626316294129 4192751402280402075976868 249560384458005668794782016 137368156167028994681571
469391097167808137182242947 696425960189626316294129 4192751402280402075976868 28729352772362498327315564 341096531725141659414283
469391097167808137182242947 696425960189626316294129 4192751402280402075976868 356422719544411153647744253 462249335286278967993429
469391097167808137182242947 696425960189626316294129 4192751402280402075976868 405638175307508108666972352 521264768722425913156760
469391097167808137182242947 696425960189626316294129 4192751402280402075976868 137592815057038390395163335 555449030367788204009125
469391097167808137182242947 696425960189626316294129 4192751402280402075976868 253734637986755094774505698 149121971541633568916186
469391097167808137182242947 696425960189626316294129 4192751402280402075976868 307090886991725461148532056 62609426834776382397044
469391097167808137182242947 696425960189626316294129 4192751402280402075976868 165240992447278867894249724 541066232314807678286484
469391097167808137182242947 696425960189626316294129 4192751402280402075976868 341446380617635189049732078 110152913068007829770231
469391097167808137182242947 696425960189626316294129 4192751402280402075976868 379554890917624814630299233 193330974693487313231286
469391097167808137182242947 696425960189626316294129 4192751402280402075976868 81315478805049618874881495 215159125435297317996279
469391097167808137182242947 696425960189626316294129 4192751402280402075976868 141980656265770766855757771 694747326205719921889453
469391097167808137182242947 696425960189626316294129 4192751402280402075976868 465713377537380154508363922 561956083850907308936027
469391097167808137182242947 696425960189626316294129 4192751402280402075976868 104974231070025747566670276 389267669807878157582407
469391097167808137182242947 696425960189626316294129 4192751402280402075976868 124379707285789373335631589 298141620689315546765335
469391097167808137182242947 696425960189626316294129 4192751402280402075976868 311036586996905758487640796 51107684355730099430312
469391097167808137182242947 696425960189626316294129 4192751402280402075976868 27325636752797105524722682 15049357069241726752517
469391097167808137182242947 696425960189626316294129 4192751402280402075976868 300894498424949019809086174 195393775168638721141511
