575390737498642010917834823 4293960727601806051625633 96159068421732844047992378 544582225290169177086365813 2708921900814805822032829
575390737498642010917834823 4293960727601806051625633 96159068421732844047992378 487657310332701700688062335 228864256768585911096693
575390737498642010917834823 4293960727601806051625633 96159068421732844047992378 193879173228578364482148110 460032701462767681602466
575390737498642010917834823 4293960727601806051625633 96159068421732844047992378 378162340379661036149498240 2382427652226772771995983
575390737498642010917834823 4293960727601806051625633 96159068421732844047992378 59646557311932837321190889 3639863394677705239038659
575390737498642010917834823 4293960727601806051625633 96159068421732844047992378 152846751234344014062231497 2650164055284145078566404
575390737498642010917834823 4293960727601806051625633 96159068421732844047992378 108270724712796537970571836 630859632589437765671851
575390737498642010917834823 4293960727601806051625633 96159068421732844047992378 275564052639003629899969806 2806997239860180818955077
575390737498642010917834823 4293960727601806051625633 96159068421732844047992378 169581936092427737492368274 1420350988724294342004493
575390737498642010917834823 4293960727601806051625633 96159068421732844047992378 516870064312941112042174895 3612428188663761994563950
575390737498642010917834823 4293960727601806051625633 96159068421732844047992378 112742576091582759234430946 441296721824867745847206
575390737498642010917834823 4293960727601806051625633 96159068421732844047992378 351128747605677036004388353 300773207082108659289897
575390737498642010917834823 4293960727601806051625633 96159068421732844047992378 572992216370727241361093523 1906631849579659606954196
575390737498642010917834823 4293960727601806051625633 96159068421732844047992378 427688293496028815823106763 4080663804020682091136503
575390737498642010917834823 4293960727601806051625633 96159068421732844047992378 538005443240607854980826501 76055817473088047303523
575390737498642010917834823 4293960727601806051625633 96159068421732844047992378 435697337114974416472922722 4288664487477668211740025
575390737498642010917834823 4293960727601806051625633 96159068421732844047992378 272855393635352074855019537 875715122166314652655406
575390737498642010917834823 4293960727601806051625633 96159068421732844047992378 302579423691730785470836554 3487225087208744222138336
575390737498642010917834823 4293960727601806051625633 96159068421732844047992378 85271822324399790485694064 2689433905866558245932964
575390737498642010917834823 4293960727601806051625633 96159068421732844047992378 456118680173941725784157755 631898941193214710697046
575390737498642010917834823 4293960727601806051625633 96159068421732844047992378 300580942912046304248338137 3641166363072223766009308
575390737498642010917834823 4293960727601806051625633 96159068421732844047992378 259168290001433724675414673 4178700045556181452152541
575390737498642010917834823 4293960727601806051625633 96159068421732844047992378 248042360780515703143849499 3847665004522819602371609
575390737498642010917834823 4293960727601806051625633 96159068421732844047992378 334050922740814347279043831 2307991636065777001692233
575390737498642010917834823 4293960727601806051625633 96159068421732844047992378 200097031987924626414927048 1689353403120098223402019
575390737498642010917834823 4293960727601806051625633 96159068421732844047992378 555867975956169971911805673 800452733226761564039564
575390737498642010917834823 4293960727601806051625633 96159068421732844047992378 461124911787370731246623596 2355930338716403985960748
575390737498642010917834823 4293960727601806051625633 96159068421732844047992378 164184372386686562962672253 1749483668278066561189927
575390737498642010917834823 4293960727601806051625633 96159068421732844047992378 376798447593225525428820941 3896278381676839393198869
575390737498642010917834823 4293960727601806051625633 96159068421732844047992378 370388274251324519727327770 738098986123924127336109
575390737498642010917834823 4293960727601806051625633 96159068421732844047992378 478377742685605866164331561 1149870377775535739394157
575390737498642010917834823 4293960727601806051625633 96159068421732844047992378 223823930005822635428459362 944281659219819900079583
575390737498642010917834823 4293960727601806051625633 96159068421732844047992378 9658772833223561048313085 4257486867455261520998558
575390737498642010917834823 4293960727601806051625633 96159068421732844047992378 564395313510174522747425022 261407638415328575441161
575390737498642010917834823 4293960727601806051625633 96159068421732844047992378 442335380676476514854382645 1675810274139881063922307
575390737498642010917834823 4293960727601806051625633 96159068421732844047992378 563307688865749637513955346 2146740390052343305617160
575390737498642010917834823 4293960727601806051625633 96159068421732844047992378 64827509082154394749446890 2828401298615002227149587
575390737498642010917834823 4293960727601806051625633 96159068421732844047992378 447998721874314643408296649 707486362192342627826036
575390737498642010917834823 4293960727601806051625633 96159068421732844047992378 105591105122233657431994006 1810904549537429252275962
575390737498642010917834823 4293960727601806051625633 96159068421732844047992378 518317464565152816037879759 232608099650285749461922
575390737498642010917834823 4293960727601806051625633 96159068421732844047992378 239591184912477181241958295 2956441707512288437740975
575390737498642010917834823 4293960727601806051625633 96159068421732844047992378 297146019821700732137904753 3095214890410223586340090
575390737498642010917834823 4293960727601806051625633 96159068421732844047992378 80302593184088618231293976 3875352425378322638994576
575390737498642010917834823 4293960727601806051625633 96159068421732844047992378 334656170512827661852464045 3960508357640143106454386
575390737498642010917834823 4293960727601806051625633 96159068421732844047992378 375567895734710227456553699 196056700572997716170814
575390737498642010917834823 4293960727601806051625633 96159068421732844047992378 247853656178763578988835958 3855730586933849567955697
575390737498642010917834823 4293960727601806051625633 96159068421732844047992378 526368358918359386392438952 2206066765528577024468760
575390737498642010917834823 4293960727601806051625633 96159068421732844047992378 80931401390079598888106787 1775870796876529092596386
575390737498642010917834823 4293960727601806051625633 96159068421732844047992378 465085644685544620425349812 216091908951029863553351
575390737498642010917834823 4293960727601806051625633 96159068421732844047992378 415547692311972168448142733 891185397105196405490024
575390737498642010917834823 4293960727601806051625633 96159068421732844047992378 505179648867156390320591985 1882722538259601631878825
575390737498642010917834823 4293960727601806051625633 96159068421732844047992378 38116291572354348472436343 2372528163883072152326353
575390737498642010917834823 4293960727601806051625633 96159068421732844047992378 403022996548061833888908240 3232558699431484554185854
575390737498642010917834823 4293960727601806051625633 96159068421732844047992378 77546220439429458938784657 1467575483957221067515192
575390737498642010917834823 4293960727601806051625633 96159068421732844047992378 132675878109020629143443685 1804278283711428174482576
575390737498642010917834823 4293960727601806051625633 96159068421732844047992378 84279936965749460934560684 960147187390461766038752
575390737498642010917834823 4293960727601806051625633 96159068421732844047992378 462280257026651342779356084 293562730118748919221159
575390737498642010917834823 4293960727601806051625633 96159068421732844047992378 270732067196533600845269474 1910320357684380033665385
575390737498642010917834823 4293960727601806051625633 96159068421732844047992378 410523764228399492338682665 2998032600738786652313262
575390737498642010917834823 4293960727601806051625633 96159068421732844047992378 549424090796023221085951056 3323147770234567535472985
575390737498642010917834823 4293960727601806051625633 96159068421732844047992378 335273319969438810041967670 2774399092013819807131385
575390737498642010917834823 4293960727601806051625633 96159068421732844047992378 529794505665152184535557735 4150464131557985608069321
575390737498642010917834823 4293960727601806051625633 96159068421732844047992378 331784018368228704718540554 3081869472318920040804374
575390737498642010917834823 4293960727601806051625633 96159068421732844047992378 242367691897081181885184427 563858313520688068918990
575390737498642010917834823 4293960727601806051625633 96159068421732844047992378 139649736956965183729817894 2928139941387993500077752
575390737498642010917834823 4293960727601806051625633 96159068421732844047992378 1473889971088290751049048 3247194177030285509295200
575390737498642010917834823 4293960727601806051625633 96159068421732844047992378 529021175313680229541526496 1765394589744241887714954
575390737498642010917834823 4293960727601806051625633 96159068421732844047992378 431475152577237103663750781 416919312230794653154695
575390737498642010917834823 4293960727601806051625633 96159068421732844047992378 265787968004745316383106378 3570230961954215232066161
575390737498642010917834823 4293960727601806051625633 96159068421732844047992378 29808547265912952531528235 344549796712482631731635
575390737498642010917834823 4293960727601806051625633 96159068421732844047992378 149074756780758503243173539 593582400277403372998939
575390737498642010917834823 4293960727601806051625633 96159068421732844047992378 181835988126539803254319941 722766961979292879775893
575390737498642010917834823 4293960727601806051625633 96159068421732844047992378 395641571310772211777730606 1595784193492546241849338
575390737498642010917834823 4293960727601806051625633 96159068421732844047992378 136560587535782387565592276 1234436889476369082612071
575390737498642010917834823 4293960727601806051625633 96159068421732844047992378 122783235323727565051588595 1870651153239074791329812
575390737498642010917834823 4293960727601806051625633 96159068421732844047992378 499159385242784472810228474 2919768394301354620159166
575390737498642010917834823 4293960727601806051625633 96159068421732844047992378 572174923163407863799046529 95535013632585413276841
575390737498642010917834823 4293960727601806051625633 96159068421732844047992378 85090072676114739154161127 2850750615653283078563711
575390737498642010917834823 4293960727601806051625633 96159068421732844047992378 136493088673512886670241227 3793662393802053062163102
575390737498642010917834823 4293960727601806051625633 96159068421732844047992378 347909606265444010327553233 1476691769316322881242448
575390737498642010917834823 4293960727601806051625633 96159068421732844047992378 575214552894214848045263263 3220867127676215752833863
575390737498642010917834823 4293960727601806051625633 96159068421732844047992378 510213333851979899388857436 2272450881250436409701485
575390737498642010917834823 4293960727601806051625633 96159068421732844047992378 426808855703546412026959556 517307988909119603762036
575390737498642010917834823 4293960727601806051625633 96159068421732844047992378 255516733572747252116647576 831934510441762077374314
575390737498642010917834823 4293960727601806051625633 96159068421732844047992378 121277781658425779190483076 1381994242686447158186022
575390737498642010917834823 4293960727601806051625633 96159068421732844047992378 502311630481526363325427396 1114606722996477571892106
575390737498642010917834823 4293960727601806051625633 96159068421732844047992378 109369401930653245490285444 1372669861284395271608673
575390737498642010917834823 4293960727601806051625633 96159068421732844047992378 170683523593454640331287748 218776652917735517111527
575390737498642010917834823 4293960727601806051625633 96159068421732844047992378 426855539986147806770671897 1226077019936331621878225
575390737498642010917834823 4293960727601806051625633 96159068421732844047992378 158684794033322487205529826 3739025392503646752326731
575390737498642010917834823 4293960727601806051625633 96159068421732844047992378 424225811407043313997220621 2606680559753224077341825
575390737498642010917834823 4293960727601806051625633 96159068421732844047992378 380013255660149581801842806 523318204015440235368833
575390737498642010917834823 4293960727601806051625633 96159068421732844047992378 59906726232617997475352788 2196121347655688330155549
575390737498642010917834823 4293960727601806051625633 96159068421732844047992378 57687789595042985243582157 3221312394246458140956906
575390737498642010917834823 4293960727601806051625633 96159068421732844047992378 24352836923056339633257342 170381473681639625160772
575390737498642010917834823 4293960727601806051625633 96159068421732844047992378 562561399696987764015257477 640537078188769376029351
575390737498642010917834823 4293960727601806051625633 96159068421732844047992378 162529487940951844212787811 2689862526385941913483520
575390737498642010917834823 4293960727601806051625633 96159068421732844047992378 211749876808229545345580157 268002559813052349201034
575390737498642010917834823 4293960727601806051625633 96159068421732844047992378 230094145835031036930038214 1564802417575650115648675
575390737498642010917834823 4293960727601806051625633 96159068421732844047992378 322823724003011055637447697 628090256428262367393892
20976538306539912836914040263 28893303452534315202360937 11417508149540312295960852568 9083348779836775589521165999 5952396507195448790778204
20976538306539912836914040263 28893303452534315202360937 11417508149540312295960852568 5838551857687346817599263037 23712029469927309973527934
20976538306539912836914040263 28893303452534315202360937 11417508149540312295960852568 11519012389453276627059177525 844725173087408098681866
20976538306539912836914040263 28893303452534315202360937 11417508149540312295960852568 8698566960990951411863500200 16713331164556119387477913
20976538306539912836914040263 28893303452534315202360937 11417508149540312295960852568 13890807428505364042099704468 7834776590279219866298289
20976538306539912836914040263 28893303452534315202360937 11417508149540312295960852568 3966203834590064622924623511 8517539015326498989137486
20976538306539912836914040263 28893303452534315202360937 11417508149540312295960852568 2908493107979183356492671905 19702617689646221273447791
20976538306539912836914040263 28893303452534315202360937 11417508149540312295960852568 12866926928766154615650734885 23540973977357684131407119
20976538306539912836914040263 28893303452534315202360937 11417508149540312295960852568 15969800249393570875709996644 14122524744239634553639244
20976538306539912836914040263 28893303452534315202360937 11417508149540312295960852568 9389366118057584751372506620 17606139031485139449364645
20976538306539912836914040263 28893303452534315202360937 11417508149540312295960852568 16774077362811702338261217047 16199533379585396812329173
20976538306539912836914040263 28893303452534315202360937 11417508149540312295960852568 13732733709026434364606569999 11687383221312511637161272
20976538306539912836914040263 28893303452534315202360937 11417508149540312295960852568 19709958442201831620567833037 15458911687304135335049574
20976538306539912836914040263 28893303452534315202360937 11417508149540312295960852568 9364269356493172633659239125 14070265408223961430242352
20976538306539912836914040263 28893303452534315202360937 11417508149540312295960852568 13483068603499789467953061597 2254845239708215014427717
20976538306539912836914040263 28893303452534315202360937 11417508149540312295960852568 17067394370360269155170275065 2884381820527784161023030
20976538306539912836914040263 28893303452534315202360937 11417508149540312295960852568 1523349855862679823403328312 21460068259470686503727356
20976538306539912836914040263 28893303452534315202360937 11417508149540312295960852568 4100860635733935441816717995 3857587706099609112161018
20976538306539912836914040263 28893303452534315202360937 11417508149540312295960852568 20261104009689916379485874378 627370764414810122525871
20976538306539912836914040263 28893303452534315202360937 11417508149540312295960852568 2526633711147493291577279235 20541712429792266302079667
20976538306539912836914040263 28893303452534315202360937 11417508149540312295960852568 20104332311528766569943669270 7448688843120409837658327
20976538306539912836914040263 28893303452534315202360937 11417508149540312295960852568 16202239936330389119658587351 12037917216337235408100379
20976538306539912836914040263 28893303452534315202360937 11417508149540312295960852568 20881565377252828203764123037 19865588462968254346358971
20976538306539912836914040263 28893303452534315202360937 11417508149540312295960852568 12533341652658633996293890098 13961121844350049456162972
20976538306539912836914040263 28893303452534315202360937 11417508149540312295960852568 14938416825137720854477240685 22900839130859506440299256
20976538306539912836914040263 28893303452534315202360937 11417508149540312295960852568 4106186951149149939015532262 28113188070042691802101431
20976538306539912836914040263 28893303452534315202360937 11417508149540312295960852568 8060354890127203476524841137 3956191958467137354648733
20976538306539912836914040263 28893303452534315202360937 11417508149540312295960852568 10519848001625523772847774760 4994169643720723885410268
20976538306539912836914040263 28893303452534315202360937 11417508149540312295960852568 11539038388942154601606145917 3451282173811360703652120
20976538306539912836914040263 28893303452534315202360937 11417508149540312295960852568 9944163192010174007647195338 13344909901853743081367355
20976538306539912836914040263 28893303452534315202360937 11417508149540312295960852568 6265020650354551095862427181 9818394414054334287495531
20976538306539912836914040263 28893303452534315202360937 11417508149540312295960852568 3514132065087885441122107063 22353237724558049037559370
20976538306539912836914040263 28893303452534315202360937 11417508149540312295960852568 1431992246859168036221835651 17056975753232059378346656
20976538306539912836914040263 28893303452534315202360937 11417508149540312295960852568 15023093823080561568904543483 25681479674245203686093093
20976538306539912836914040263 28893303452534315202360937 11417508149540312295960852568 16849511533132854750432791526 16192722012794123302848393
20976538306539912836914040263 28893303452534315202360937 11417508149540312295960852568 7856765081359519772299247952 196060372174366920696405
20976538306539912836914040263 28893303452534315202360937 11417508149540312295960852568 2877223478410977369601550253 8518580748962687040323064
20976538306539912836914040263 28893303452534315202360937 11417508149540312295960852568 2750449419227199442622693894 7846695279125156537985141
20976538306539912836914040263 28893303452534315202360937 11417508149540312295960852568 8244619370844979650007388052 16371506900098936849199007
20976538306539912836914040263 28893303452534315202360937 11417508149540312295960852568 20239013166632024194036343490 5010835485575394239189919
20976538306539912836914040263 28893303452534315202360937 11417508149540312295960852568 14926632242777306694644620480 3617425214437731130910149
20976538306539912836914040263 28893303452534315202360937 11417508149540312295960852568 19949356631036888040857869501 25469304092568116068136591
20976538306539912836914040263 28893303452534315202360937 11417508149540312295960852568 18888612779117218199981285350 8865346460884169091621424
20976538306539912836914040263 28893303452534315202360937 11417508149540312295960852568 1741591192387111352299103684 23369691663955307560966073
20976538306539912836914040263 28893303452534315202360937 11417508149540312295960852568 16697039457777941104638263343 5095928668974400976393868
20976538306539912836914040263 28893303452534315202360937 11417508149540312295960852568 18648617687556009824383228787 1542733190675697314034980
20976538306539912836914040263 28893303452534315202360937 11417508149540312295960852568 5356425661737499162232958892 19381574669842839304004744
20976538306539912836914040263 28893303452534315202360937 11417508149540312295960852568 4138239595375598385369988349 28521594941552757083171547
20976538306539912836914040263 28893303452534315202360937 11417508149540312295960852568 14877807254377480425879356984 9924356250558421668802418
20976538306539912836914040263 28893303452534315202360937 11417508149540312295960852568 12744629185688398575231853764 7875636831608253752665609
20976538306539912836914040263 28893303452534315202360937 11417508149540312295960852568 7356182558529106942716665631 22288225450293652887777640
20976538306539912836914040263 28893303452534315202360937 11417508149540312295960852568 7126567581595458814752257760 24412686540467367467587873
20976538306539912836914040263 28893303452534315202360937 11417508149540312295960852568 18129752458673864680640079378 12733934347752118702487749
20976538306539912836914040263 28893303452534315202360937 11417508149540312295960852568 3218737635958356198189467556 14463447711532505137511826
20976538306539912836914040263 28893303452534315202360937 11417508149540312295960852568 4904424578169232064925803041 5325008911852785084751875
20976538306539912836914040263 28893303452534315202360937 11417508149540312295960852568 1693265738014288309979238924 18094763811224691301220359
20976538306539912836914040263 28893303452534315202360937 11417508149540312295960852568 14699983131312587831545643468 13667374897902911785335715
20976538306539912836914040263 28893303452534315202360937 11417508149540312295960852568 16238302548069657290407268392 26974437068858878873266112
20976538306539912836914040263 28893303452534315202360937 11417508149540312295960852568 14289271790293269134385367232 17502252925244966374457745
20976538306539912836914040263 28893303452534315202360937 11417508149540312295960852568 18902425132321704311804502143 28790466405966389471170684
20976538306539912836914040263 28893303452534315202360937 11417508149540312295960852568 16014632914194434460844948392 17774858592920417366693239
20976538306539912836914040263 28893303452534315202360937 11417508149540312295960852568 614054782769143575975293120 9310458716751539516949592
20976538306539912836914040263 28893303452534315202360937 11417508149540312295960852568 11378285950765513811389197672 22088086496499527189776288
20976538306539912836914040263 28893303452534315202360937 11417508149540312295960852568 4297314399827055780885992916 14960314969928938134865243
20976538306539912836914040263 28893303452534315202360937 11417508149540312295960852568 18783201343968760846915883275 2590592965787044651666522
20976538306539912836914040263 28893303452534315202360937 11417508149540312295960852568 953868336112272320367164770 17018568224265659871741479
20976538306539912836914040263 28893303452534315202360937 11417508149540312295960852568 7344514496016581534306585534 10696536818329857253950574
20976538306539912836914040263 28893303452534315202360937 11417508149540312295960852568 11563148590985452944839955361 4178879562994201637614919
20976538306539912836914040263 28893303452534315202360937 11417508149540312295960852568 605023220728691641452015894 3542818178829425675992575
20976538306539912836914040263 28893303452534315202360937 11417508149540312295960852568 6703235935198202211685717750 9454933175681570785434659
20976538306539912836914040263 28893303452534315202360937 11417508149540312295960852568 8905778880882971921856389552 10538619422737999101220006
20976538306539912836914040263 28893303452534315202360937 11417508149540312295960852568 12475581419049236980522376587 7521045633301452640859416
20976538306539912836914040263 28893303452534315202360937 11417508149540312295960852568 2967927487442865741148657725 24746737376683307601398589
20976538306539912836914040263 28893303452534315202360937 11417508149540312295960852568 11155231241400183081190250143 7752909499770460233562138
20976538306539912836914040263 28893303452534315202360937 11417508149540312295960852568 17488833553397696658540206213 5780966909865783576186925
20976538306539912836914040263 28893303452534315202360937 11417508149540312295960852568 348637230060904558292333997 19629693102520599089256402
20976538306539912836914040263 28893303452534315202360937 11417508149540312295960852568 12957473855496041301007302621 4616118160694028995608903
20976538306539912836914040263 28893303452534315202360937 11417508149540312295960852568 1171917394688808364336681627 16811782328313345928691610
20976538306539912836914040263 28893303452534315202360937 11417508149540312295960852568 90019559679101507715948112 26642762123460691372666199
20976538306539912836914040263 28893303452534315202360937 11417508149540312295960852568 11730485760443427969335936006 24397603166490212404049095
20976538306539912836914040263 28893303452534315202360937 11417508149540312295960852568 19745210680497828930372088569 2042278429765739080481793
20976538306539912836914040263 28893303452534315202360937 11417508149540312295960852568 10700886027499289217190296745 28245430362831158678660518
20976538306539912836914040263 28893303452534315202360937 11417508149540312295960852568 4150765280842632869495675808 8463995532895424690021444
20976538306539912836914040263 28893303452534315202360937 11417508149540312295960852568 701594158461154844917735591 25759191310927626357303752
20976538306539912836914040263 28893303452534315202360937 11417508149540312295960852568 18792220429082952597097513823 4016213659059235680768621
20976538306539912836914040263 28893303452534315202360937 11417508149540312295960852568 15024514180400166758949879759 21843121393027942903326198
20976538306539912836914040263 28893303452534315202360937 11417508149540312295960852568 18450293169501184901080012978 24262567031558312477444478
20976538306539912836914040263 28893303452534315202360937 11417508149540312295960852568 6230991755760438005408155108 28420167138556448603356575
20976538306539912836914040263 28893303452534315202360937 11417508149540312295960852568 12122147678681747165390178758 3761578522324014794325297
20976538306539912836914040263 28893303452534315202360937 11417508149540312295960852568 896165191305688078753015800 20639904046892480339007030
20976538306539912836914040263 28893303452534315202360937 11417508149540312295960852568 1116703423082156244533150171 26205302169267868599032689
20976538306539912836914040263 28893303452534315202360937 11417508149540312295960852568 9562550298699679290892658220 16799952107218894740039206
20976538306539912836914040263 28893303452534315202360937 11417508149540312295960852568 3908400052563899867816071074 7300926218266979668856864
20976538306539912836914040263 28893303452534315202360937 11417508149540312295960852568 4332151603182226361358220933 17783997010924236659672920
20976538306539912836914040263 28893303452534315202360937 11417508149540312295960852568 12635012919821011561064020660 19154213779604378912105481
20976538306539912836914040263 28893303452534315202360937 11417508149540312295960852568 9317448967376840742500398452 8139156576200132133310573
20976538306539912836914040263 28893303452534315202360937 11417508149540312295960852568 1945812925989290521985734686 10965115317315028784681050
20976538306539912836914040263 28893303452534315202360937 11417508149540312295960852568 10334003865743454242519909930 24327335153963452268332939
20976538306539912836914040263 28893303452534315202360937 11417508149540312295960852568 15200451128290070906211890372 15161125678905430850664729
20976538306539912836914040263 28893303452534315202360937 11417508149540312295960852568 15831515800825864075950087775 867784997843339711742664
36819980730153346198153147373 214069655407868291849727601 28314851150582285282728017689 26371003011152297621456781824 81328281492876465099459959
36819980730153346198153147373 214069655407868291849727601 28314851150582285282728017689 5972485738525611754442317635 62822656731594865333863950
36819980730153346198153147373 214069655407868291849727601 28314851150582285282728017689 6737880691113176578229429544 202314376264048475474029707
36819980730153346198153147373 214069655407868291849727601 28314851150582285282728017689 19113780392193873436249560353 149295537658145028760046795
36819980730153346198153147373 214069655407868291849727601 28314851150582285282728017689 156707887518926943876761766 205171476420315204177604944
36819980730153346198153147373 214069655407868291849727601 28314851150582285282728017689 10461073501951104151888520963 89667435187371314459058431
36819980730153346198153147373 214069655407868291849727601 28314851150582285282728017689 26335613637169629130295305735 169698347469675705008862941
36819980730153346198153147373 214069655407868291849727601 28314851150582285282728017689 19627955928569357080065253813 160082554646282933961770499
36819980730153346198153147373 214069655407868291849727601 28314851150582285282728017689 22889927624855536651060966305 157160695950688877802194875
36819980730153346198153147373 214069655407868291849727601 28314851150582285282728017689 8646994588225042898133769572 69966787675231858222345565
36819980730153346198153147373 214069655407868291849727601 28314851150582285282728017689 17366958991609228282747073247 203950338900575847983638270
36819980730153346198153147373 214069655407868291849727601 28314851150582285282728017689 31259654230157423283455267188 109619399585950947841329977
36819980730153346198153147373 214069655407868291849727601 28314851150582285282728017689 16838381554245831006140147615 179486056350943738219176026
36819980730153346198153147373 214069655407868291849727601 28314851150582285282728017689 21562006824498660865412651749 176704595423592961409786311
36819980730153346198153147373 214069655407868291849727601 28314851150582285282728017689 5656228025787175134240160151 34675198377105152573326962
36819980730153346198153147373 214069655407868291849727601 28314851150582285282728017689 33975178434885820129608675102 134186013664320069077003107
36819980730153346198153147373 214069655407868291849727601 28314851150582285282728017689 1367591010875901648775335729 32233319484056169997842854
36819980730153346198153147373 214069655407868291849727601 28314851150582285282728017689 25384749841596204447921274264 51179636908463440228780137
36819980730153346198153147373 214069655407868291849727601 28314851150582285282728017689 11988222544766993639570757114 24628410534871126227541924
36819980730153346198153147373 214069655407868291849727601 28314851150582285282728017689 15750193779911071927875757064 207887582167358833688311468
36819980730153346198153147373 214069655407868291849727601 28314851150582285282728017689 26934641341013924171965022314 71598324835464146215275245
36819980730153346198153147373 214069655407868291849727601 28314851150582285282728017689 29915104422533986971660651283 158951659923663758137354531
36819980730153346198153147373 214069655407868291849727601 28314851150582285282728017689 1772294142660872617067227994 159643969561659990234392291
36819980730153346198153147373 214069655407868291849727601 28314851150582285282728017689 29809010441228989037098996453 185694638758310407668567298
36819980730153346198153147373 214069655407868291849727601 28314851150582285282728017689 27739490012896590532343864199 146552594164768831952830786
36819980730153346198153147373 214069655407868291849727601 28314851150582285282728017689 19322877275059405768643691568 39330304465976238270680204
36819980730153346198153147373 214069655407868291849727601 28314851150582285282728017689 18301812291571217451749593663 22949126046312390667376364
36819980730153346198153147373 214069655407868291849727601 28314851150582285282728017689 31430257761107783666408138429 146402048703855472021502202
36819980730153346198153147373 214069655407868291849727601 28314851150582285282728017689 18479457036722475886428037315 51154860938873187551535001
36819980730153346198153147373 214069655407868291849727601 28314851150582285282728017689 19424700343529622335291269706 18605480946122290436493085
36819980730153346198153147373 214069655407868291849727601 28314851150582285282728017689 2185188085497719344887131708 202124526986887049238079031
36819980730153346198153147373 214069655407868291849727601 28314851150582285282728017689 17210338693872511630607553041 79821877121075445210833117
36819980730153346198153147373 214069655407868291849727601 28314851150582285282728017689 21780165623051113749910017811 187077094841370461961962729
36819980730153346198153147373 214069655407868291849727601 28314851150582285282728017689 7477371800065687805887989085 88973718989265436974275161
36819980730153346198153147373 214069655407868291849727601 28314851150582285282728017689 28230299337326764519022805794 183353605852678951296773218
36819980730153346198153147373 214069655407868291849727601 28314851150582285282728017689 35680935818418899472081223784 7307890285348037813181000
36819980730153346198153147373 214069655407868291849727601 28314851150582285282728017689 16504503921467036026401813055 178352791960999324465257928
36819980730153346198153147373 214069655407868291849727601 28314851150582285282728017689 35596379625154861418356430075 69436663072461599280496847
36819980730153346198153147373 214069655407868291849727601 28314851150582285282728017689 2620080499247796805363681304 182157938320425985142513449
36819980730153346198153147373 214069655407868291849727601 28314851150582285282728017689 30979621710237219408786862214 131002578609403327437296626
36819980730153346198153147373 214069655407868291849727601 28314851150582285282728017689 13571158298526287998858002461 96679627199624446812286192
36819980730153346198153147373 214069655407868291849727601 28314851150582285282728017689 21997114318537908987402431202 112793818997143440031259438
36819980730153346198153147373 214069655407868291849727601 28314851150582285282728017689 25350398651852768185616418756 43753585064577101704929121
36819980730153346198153147373 214069655407868291849727601 28314851150582285282728017689 36693409719698514352320979242 3174391918188239327931001
36819980730153346198153147373 214069655407868291849727601 28314851150582285282728017689 24412630360640780390323700293 51723051001241008769294243
36819980730153346198153147373 214069655407868291849727601 28314851150582285282728017689 12299196225284673720103911804 38908888464609044440699175
36819980730153346198153147373 214069655407868291849727601 28314851150582285282728017689 12518334766057061924091247205 193515804653262123683746403
36819980730153346198153147373 214069655407868291849727601 28314851150582285282728017689 31629545823316683635432476186 160190763802294920758361289
36819980730153346198153147373 214069655407868291849727601 28314851150582285282728017689 30477286950721278526536773815 68076480858543548193483473
36819980730153346198153147373 214069655407868291849727601 28314851150582285282728017689 16586136088859587092450951161 170475394787409031514114708
36819980730153346198153147373 214069655407868291849727601 28314851150582285282728017689 12158378615908375727884702634 148277868589886527155385506
36819980730153346198153147373 214069655407868291849727601 28314851150582285282728017689 17568092535428724438893263575 110524743273700652130145243
36819980730153346198153147373 214069655407868291849727601 28314851150582285282728017689 27249499735134727448757484147 109163272888699307173236614
36819980730153346198153147373 214069655407868291849727601 28314851150582285282728017689 1404720524922080867400708922 50218454881520958282386274
36819980730153346198153147373 214069655407868291849727601 28314851150582285282728017689 19249660435317958730787343128 125741293448042580758042444
36819980730153346198153147373 214069655407868291849727601 28314851150582285282728017689 2675998361096329894599550822 172953666362285939863990549
36819980730153346198153147373 214069655407868291849727601 28314851150582285282728017689 24144045865104832285747008112 185669175780481102369240346
36819980730153346198153147373 214069655407868291849727601 28314851150582285282728017689 21254744656936772620781654098 95978947148530381103491545
36819980730153346198153147373 214069655407868291849727601 28314851150582285282728017689 36329075044330789510666315327 192585578738976952237272382
36819980730153346198153147373 214069655407868291849727601 28314851150582285282728017689 3219551645844595938841475707 97671563704007981731747107
36819980730153346198153147373 214069655407868291849727601 28314851150582285282728017689 1291189914540810663944375579 149898327396351098526912093
36819980730153346198153147373 214069655407868291849727601 28314851150582285282728017689 8837109132880981328372934145 127464222787020684022344998
36819980730153346198153147373 214069655407868291849727601 28314851150582285282728017689 12623567625523590583460316470 138887605166631218080064029
36819980730153346198153147373 214069655407868291849727601 28314851150582285282728017689 33988070964929494073417433660 26545000683731009978336759
36819980730153346198153147373 214069655407868291849727601 28314851150582285282728017689 17821029257975256195025958914 30377811967291958480697395
36819980730153346198153147373 214069655407868291849727601 28314851150582285282728017689 20030735075145024883125445438 4043130462593389638465580
36819980730153346198153147373 214069655407868291849727601 28314851150582285282728017689 10292900155555024891127044671 34395198960863148502546603
36819980730153346198153147373 214069655407868291849727601 28314851150582285282728017689 20215902068883794791316126433 104132478327312200802440266
36819980730153346198153147373 214069655407868291849727601 28314851150582285282728017689 7058466400253932122135410635 13086014504332820837013916
36819980730153346198153147373 214069655407868291849727601 28314851150582285282728017689 34038492472445510833962778098 130983185960787160682199109
36819980730153346198153147373 214069655407868291849727601 28314851150582285282728017689 26633759160873221801342624106 60576909271306177261451714
36819980730153346198153147373 214069655407868291849727601 28314851150582285282728017689 9262326064355716200575077155 137997453592030905537483626
36819980730153346198153147373 214069655407868291849727601 28314851150582285282728017689 4365095983423231104020686910 88624101798555971688017777
36819980730153346198153147373 214069655407868291849727601 28314851150582285282728017689 17357795804562160721464954670 41850186589543219958279500
36819980730153346198153147373 214069655407868291849727601 28314851150582285282728017689 33756914380700067542925628366 66051920662215908641107956
36819980730153346198153147373 214069655407868291849727601 28314851150582285282728017689 1570069919577251830782800139 121596547833313587612597007
36819980730153346198153147373 214069655407868291849727601 28314851150582285282728017689 15406087775522390155086938787 13359674001105582555123173
36819980730153346198153147373 214069655407868291849727601 28314851150582285282728017689 1505329933562446394380916072 130253333726846013639324770
36819980730153346198153147373 214069655407868291849727601 28314851150582285282728017689 25784867033010407080765033984 175887846314579304142243871
36819980730153346198153147373 214069655407868291849727601 28314851150582285282728017689 28012161597662971033386357341 64860978970498762586609690
36819980730153346198153147373 214069655407868291849727601 28314851150582285282728017689 21083690060229618936600713511 24654092339554254683075554
36819980730153346198153147373 214069655407868291849727601 28314851150582285282728017689 7686672592613786144213124657 163987271111524632382285135
36819980730153346198153147373 214069655407868291849727601 28314851150582285282728017689 13691339436482147450025396796 64291303246503662160852635
36819980730153346198153147373 214069655407868291849727601 28314851150582285282728017689 10639100444215694425359989873 32575963880715593101139546
36819980730153346198153147373 214069655407868291849727601 28314851150582285282728017689 5972488434093981315613899480 204843408059909081881922736
36819980730153346198153147373 214069655407868291849727601 28314851150582285282728017689 30190300688607489526094918926 110116798314941472529582945
36819980730153346198153147373 214069655407868291849727601 28314851150582285282728017689 20588709014786518185762936696 179064558644859654068833697
36819980730153346198153147373 214069655407868291849727601 28314851150582285282728017689 1222555731273464032912907607 75384487765118078292285757
36819980730153346198153147373 214069655407868291849727601 28314851150582285282728017689 22095505327004812504414093769 19540992556417641070652873
36819980730153346198153147373 214069655407868291849727601 28314851150582285282728017689 11539329765486720708707941981 168184462195063451778412419
36819980730153346198153147373 214069655407868291849727601 28314851150582285282728017689 9643170660095207572096318269 129781678592167519218145578
36819980730153346198153147373 214069655407868291849727601 28314851150582285282728017689 1693649652063229739498677922 196593706939678051105317262
36819980730153346198153147373 214069655407868291849727601 28314851150582285282728017689 11010369168271785678878419062 134225512739983837370746090
36819980730153346198153147373 214069655407868291849727601 28314851150582285282728017689 6853089140817808840264034343 15576156377142788861887317
36819980730153346198153147373 214069655407868291849727601 28314851150582285282728017689 15562544002992778455435618219 213268202187653906708320028
36819980730153346198153147373 214069655407868291849727601 28314851150582285282728017689 17085035486106111294368445603 195379162871539827759988524
36819980730153346198153147373 214069655407868291849727601 28314851150582285282728017689 20935818965996677856867865227 109597017821373083353035235
36819980730153346198153147373 214069655407868291849727601 28314851150582285282728017689 763481329118427031144698787 10385787147043955656494245
36819980730153346198153147373 214069655407868291849727601 28314851150582285282728017689 20950820821911322165308956454 120704627662610294131682096
36819980730153346198153147373 214069655407868291849727601 28314851150582285282728017689 18347633729004386276193204162 146278370226829512672664673
619740535897357189843554801427 3331938365039554784105133341 442724752282121788796330415498 567749411785200728737696762271 296396672597456594395335506
619740535897357189843554801427 3331938365039554784105133341 442724752282121788796330415498 221456630122560992601875905391 2919852916424367306320097668
619740535897357189843554801427 3331938365039554784105133341 442724752282121788796330415498 215831738178101904367146491782 2421623141083693924563698690
619740535897357189843554801427 3331938365039554784105133341 442724752282121788796330415498 49998935562869753749362450698 560360875460997854671694600
619740535897357189843554801427 3331938365039554784105133341 442724752282121788796330415498 37524038202292079264642141655 2076704073857643772836043710
619740535897357189843554801427 3331938365039554784105133341 442724752282121788796330415498 611050236197454324272925288286 1025375899006481879004475655
619740535897357189843554801427 3331938365039554784105133341 442724752282121788796330415498 376098706715277121762322092508 2099657539284923450515942006
619740535897357189843554801427 3331938365039554784105133341 442724752282121788796330415498 437304233337099145359770627613 592008041939482314397576004
619740535897357189843554801427 3331938365039554784105133341 442724752282121788796330415498 386286056012875446683400931698 999453441524157636137673702
619740535897357189843554801427 3331938365039554784105133341 442724752282121788796330415498 176293457151859666174052526930 453980462870652308774522856
619740535897357189843554801427 3331938365039554784105133341 442724752282121788796330415498 102675775455459729140667347184 1636486729624970958968565014
619740535897357189843554801427 3331938365039554784105133341 442724752282121788796330415498 440586193998849070664482016632 3095397572214269237010289730
619740535897357189843554801427 3331938365039554784105133341 442724752282121788796330415498 607544602281050357485568276993 831104603310291254090303873
619740535897357189843554801427 3331938365039554784105133341 442724752282121788796330415498 394029217890045545119718718939 1080691771342325278028491898
619740535897357189843554801427 3331938365039554784105133341 442724752282121788796330415498 281429490858045546031641002093 1163972577599626194346546853
619740535897357189843554801427 3331938365039554784105133341 442724752282121788796330415498 254647804869626320121828804990 396388791914605502880833391
619740535897357189843554801427 3331938365039554784105133341 442724752282121788796330415498 81296331621600151890364893146 594451215177437096960466531
619740535897357189843554801427 3331938365039554784105133341 442724752282121788796330415498 24718371544475659001543080527 2671857766859185808605908417
619740535897357189843554801427 3331938365039554784105133341 442724752282121788796330415498 327799128050870915382223061582 250258343730995116973174974
619740535897357189843554801427 3331938365039554784105133341 442724752282121788796330415498 41014407309813187894867189077 1217682017475557045905847736
619740535897357189843554801427 3331938365039554784105133341 442724752282121788796330415498 160808103276582198492311656047 508540930135322361837659655
619740535897357189843554801427 3331938365039554784105133341 442724752282121788796330415498 201160070120796683833429337569 1196559963383730616662405541
619740535897357189843554801427 3331938365039554784105133341 442724752282121788796330415498 372015725003386695196191214616 1747855499258412903085145378
619740535897357189843554801427 3331938365039554784105133341 442724752282121788796330415498 226642886018101055913695673372 127762613996729285168242885
619740535897357189843554801427 3331938365039554784105133341 442724752282121788796330415498 323935174505525862836037285860 813923654173954022337026039
619740535897357189843554801427 3331938365039554784105133341 442724752282121788796330415498 560414421872508439971356753241 58518853132714609929700670
619740535897357189843554801427 3331938365039554784105133341 442724752282121788796330415498 117338918068961052871571433902 1612042911013215048794051918
619740535897357189843554801427 3331938365039554784105133341 442724752282121788796330415498 233064305261113277227040436542 2437427747355532478043884612
619740535897357189843554801427 3331938365039554784105133341 442724752282121788796330415498 191265846071125053303797573859 2322556048296747681224380240
619740535897357189843554801427 3331938365039554784105133341 442724752282121788796330415498 210124329254421830152965884833 81346590822226410433268659
619740535897357189843554801427 3331938365039554784105133341 442724752282121788796330415498 85244536850273438269786597393 37933282590331285667508547
619740535897357189843554801427 3331938365039554784105133341 442724752282121788796330415498 93505712863031933938871266396 214007379442326240591369660
619740535897357189843554801427 3331938365039554784105133341 442724752282121788796330415498 354076778476772761949291666144 3264102015841092198775974442
619740535897357189843554801427 3331938365039554784105133341 442724752282121788796330415498 264118278174712169812571429656 969012987227664119501281687
619740535897357189843554801427 3331938365039554784105133341 442724752282121788796330415498 137278295164534780919736832846 781629371281059704654252099
619740535897357189843554801427 3331938365039554784105133341 442724752282121788796330415498 287783373628622547900190270420 2307898547968173820509977803
619740535897357189843554801427 3331938365039554784105133341 442724752282121788796330415498 608347363159864170933244991280 1026681402281727675033757014
619740535897357189843554801427 3331938365039554784105133341 442724752282121788796330415498 346025340869529621799526399727 504426435059917923091169586
619740535897357189843554801427 3331938365039554784105133341 442724752282121788796330415498 170807511664672625062850399886 1575294582198497228085686589
619740535897357189843554801427 3331938365039554784105133341 442724752282121788796330415498 513351185096911689109373066181 1662509048353017374986643157
619740535897357189843554801427 3331938365039554784105133341 442724752282121788796330415498 357317568863004392752310988176 2454085639285996022135483879
619740535897357189843554801427 3331938365039554784105133341 442724752282121788796330415498 468553474310607241725263804048 1921591137257348325520247293
619740535897357189843554801427 3331938365039554784105133341 442724752282121788796330415498 391699852502724357853773768482 2277317083945828139538012844
619740535897357189843554801427 3331938365039554784105133341 442724752282121788796330415498 271622187368057210490685511971 1583118379896756761956883755
619740535897357189843554801427 3331938365039554784105133341 442724752282121788796330415498 563748250045794815857131662891 1823762170433473942431325912
619740535897357189843554801427 3331938365039554784105133341 442724752282121788796330415498 315916632517381212181550990646 612011345878230857383684435
619740535897357189843554801427 3331938365039554784105133341 442724752282121788796330415498 276941413091406795543085144374 740126438290999650331788483
619740535897357189843554801427 3331938365039554784105133341 442724752282121788796330415498 274154778863431175972919490335 147187501364201478660688397
619740535897357189843554801427 3331938365039554784105133341 442724752282121788796330415498 269718468570246988394898314688 669176958002785528145350430
619740535897357189843554801427 3331938365039554784105133341 442724752282121788796330415498 189280854460860783318473377717 433012438799754920101518908
619740535897357189843554801427 3331938365039554784105133341 442724752282121788796330415498 196405067279507713159702150411 164362589234246092826557053
619740535897357189843554801427 3331938365039554784105133341 442724752282121788796330415498 580674207294133198168188269579 3264836659718670811155737123
619740535897357189843554801427 3331938365039554784105133341 442724752282121788796330415498 516511242154030329110654760791 2629705776311379763781435873
619740535897357189843554801427 3331938365039554784105133341 442724752282121788796330415498 433940340747683543384209742380 2177316640218365316775236047
619740535897357189843554801427 3331938365039554784105133341 442724752282121788796330415498 380854060697220629412320728226 438346967821848289962009219
619740535897357189843554801427 3331938365039554784105133341 442724752282121788796330415498 496983854326652617914079009943 2215067517339719420411789730
619740535897357189843554801427 3331938365039554784105133341 442724752282121788796330415498 35819822111157192376841385746 1017590345856442875992758699
619740535897357189843554801427 3331938365039554784105133341 442724752282121788796330415498 368826037286271855464159917872 1801848770073108135834351019
619740535897357189843554801427 3331938365039554784105133341 442724752282121788796330415498 214738964524523137101106943257 2572593945841165272346434420
619740535897357189843554801427 3331938365039554784105133341 442724752282121788796330415498 271723290392037475778960220511 19815399696946229204064272
619740535897357189843554801427 3331938365039554784105133341 442724752282121788796330415498 113048765726389339292611422949 821364867885729926164529539
619740535897357189843554801427 3331938365039554784105133341 442724752282121788796330415498 592527005125219966436858202457 3234043716212192650267230511
619740535897357189843554801427 3331938365039554784105133341 442724752282121788796330415498 311377795553055207578926284667 1817335750189999350037736403
619740535897357189843554801427 3331938365039554784105133341 442724752282121788796330415498 338005584987053744148629660515 2971578755436210758952125216
619740535897357189843554801427 3331938365039554784105133341 442724752282121788796330415498 496704950170974238526100206241 2394291632372388942409015126
619740535897357189843554801427 3331938365039554784105133341 442724752282121788796330415498 334686787882315616995737399031 2401735058584640570967973504
619740535897357189843554801427 3331938365039554784105133341 442724752282121788796330415498 302165606863341346520370225996 775600791365049168484798163
619740535897357189843554801427 3331938365039554784105133341 442724752282121788796330415498 200189980949001256209300563949 535605732644205068892556519
619740535897357189843554801427 3331938365039554784105133341 442724752282121788796330415498 394176218261441359134537027645 2550154704942983452103431585
619740535897357189843554801427 3331938365039554784105133341 442724752282121788796330415498 363325079041276213413757566299 63549699030035241207368406
619740535897357189843554801427 3331938365039554784105133341 442724752282121788796330415498 451394195487179470231459939149 338674671619660222511923364
619740535897357189843554801427 3331938365039554784105133341 442724752282121788796330415498 566913385633181370295150055374 2170541637264070004022628857
619740535897357189843554801427 3331938365039554784105133341 442724752282121788796330415498 256098429891819095648353381751 2143070456306111371986465552
619740535897357189843554801427 3331938365039554784105133341 442724752282121788796330415498 65115061403111994560003384348 514431487995083246129603965
619740535897357189843554801427 3331938365039554784105133341 442724752282121788796330415498 10633640194474711309281944954 773749575451455138838259422
619740535897357189843554801427 3331938365039554784105133341 442724752282121788796330415498 499237031349116063486259176299 2019695217301742833263087035
619740535897357189843554801427 3331938365039554784105133341 442724752282121788796330415498 538959872485083664245714843300 489397183297854800325949058
619740535897357189843554801427 3331938365039554784105133341 442724752282121788796330415498 275117580485171633568379879283 1426214454907507485698671172
619740535897357189843554801427 3331938365039554784105133341 442724752282121788796330415498 259557481794828077176621668877 1259111679981203173074320786
619740535897357189843554801427 3331938365039554784105133341 442724752282121788796330415498 151811099875435831726716155534 3239717922930725043038810754
619740535897357189843554801427 3331938365039554784105133341 442724752282121788796330415498 31425831864157939483733700071 1589207143312186039794431547
619740535897357189843554801427 3331938365039554784105133341 442724752282121788796330415498 160971957215096953391032009316 1892245959186243224620843074
619740535897357189843554801427 3331938365039554784105133341 442724752282121788796330415498 196035863058974044689381419039 383826108698604382084730944
619740535897357189843554801427 3331938365039554784105133341 442724752282121788796330415498 6389464178478426718017478408 1566495546203074393842081272
619740535897357189843554801427 3331938365039554784105133341 442724752282121788796330415498 147477641733717263997053424479 3294061777149583523874768335
619740535897357189843554801427 3331938365039554784105133341 442724752282121788796330415498 863115880417723147491261164 380062799571194986941868867
619740535897357189843554801427 3331938365039554784105133341 442724752282121788796330415498 356197489736781959194238927613 166154019108396059443908936
619740535897357189843554801427 3331938365039554784105133341 442724752282121788796330415498 549888110774587396171328128992 2392801651414724283319812742
619740535897357189843554801427 3331938365039554784105133341 442724752282121788796330415498 81374385910832964634113463203 1530027017892770605194024869
619740535897357189843554801427 3331938365039554784105133341 442724752282121788796330415498 419309557455368849799766635531 516039621090671673094367069
619740535897357189843554801427 3331938365039554784105133341 442724752282121788796330415498 533563179400269042007267344094 275917440646444432452216750
619740535897357189843554801427 3331938365039554784105133341 442724752282121788796330415498 288404412303338051697111857147 3168001973699438904033571364
619740535897357189843554801427 3331938365039554784105133341 442724752282121788796330415498 514198890705438954899264397870 3287059036860602403473237003
619740535897357189843554801427 3331938365039554784105133341 442724752282121788796330415498 324609248122193548249378702903 1403157951455135320886787102
619740535897357189843554801427 3331938365039554784105133341 442724752282121788796330415498 119621178014624810377053241876 3299408043102571197995785716
619740535897357189843554801427 3331938365039554784105133341 442724752282121788796330415498 534771898671295065266582014580 1794626217608423859400760340
619740535897357189843554801427 3331938365039554784105133341 442724752282121788796330415498 483688200601054160015389798687 2735192919146349243289609556
619740535897357189843554801427 3331938365039554784105133341 442724752282121788796330415498 309641730887328759371617106503 602805561824155850287369479
619740535897357189843554801427 3331938365039554784105133341 442724752282121788796330415498 181867433541554425127655713409 1935262851096288196561155729
619740535897357189843554801427 3331938365039554784105133341 442724752282121788796330415498 69234640824304483194111572786 2996170884508443479858176414
62785623091596108610954717945831 67511422679135600656940556931 33420163717663838838323585867267 59993379581581420229136367273234 32687334059207272357851240912
62785623091596108610954717945831 67511422679135600656940556931 33420163717663838838323585867267 34995625459221303758206045034266 54437216964216756899375635973
62785623091596108610954717945831 67511422679135600656940556931 33420163717663838838323585867267 32190682077484612233003489287411 53110344316352411152215400493
62785623091596108610954717945831 67511422679135600656940556931 33420163717663838838323585867267 38003189283621455511185948523255 61398991428193536403706009110
62785623091596108610954717945831 67511422679135600656940556931 33420163717663838838323585867267 208135757164285200426305508447 58204405355095548629929609507
62785623091596108610954717945831 67511422679135600656940556931 33420163717663838838323585867267 57174300543693873830087410409331 54406627370070744352540830017
62785623091596108610954717945831 67511422679135600656940556931 33420163717663838838323585867267 25930127391842122287176170837460 10365922103147837186164672565
62785623091596108610954717945831 67511422679135600656940556931 33420163717663838838323585867267 46973340637208193418631093038549 37155562473761599976916575022
62785623091596108610954717945831 67511422679135600656940556931 33420163717663838838323585867267 12708385181930394935172275735674 10340700576328821088448501870
62785623091596108610954717945831 67511422679135600656940556931 33420163717663838838323585867267 18868349157773584567858274380544 26193138446843191889192596581
62785623091596108610954717945831 67511422679135600656940556931 33420163717663838838323585867267 57575697094285285397494679280220 5926415883243191438762159571
62785623091596108610954717945831 67511422679135600656940556931 33420163717663838838323585867267 29305730758361202318967988735041 14335967069379136410743339420
62785623091596108610954717945831 67511422679135600656940556931 33420163717663838838323585867267 60782955217492219364009582890841 22114336770974488428632509308
62785623091596108610954717945831 67511422679135600656940556931 33420163717663838838323585867267 46965229319226500392093858835568 53904284114800310938405410146
62785623091596108610954717945831 67511422679135600656940556931 33420163717663838838323585867267 788812366813237517999581187253 47066541319898685317408573867
62785623091596108610954717945831 67511422679135600656940556931 33420163717663838838323585867267 60027739175952669006437333143913 64916318556913939186480484075
62785623091596108610954717945831 67511422679135600656940556931 33420163717663838838323585867267 31028224310151544887804800837132 13945739584981033294633538230
62785623091596108610954717945831 67511422679135600656940556931 33420163717663838838323585867267 6676027234422704102088757501533 42851218827018741562459391974
62785623091596108610954717945831 67511422679135600656940556931 33420163717663838838323585867267 59745619787895760687403956282677 46813800759005522042159207474
62785623091596108610954717945831 67511422679135600656940556931 33420163717663838838323585867267 48651386015133136202208083782961 19925854408669633121789659463
62785623091596108610954717945831 67511422679135600656940556931 33420163717663838838323585867267 57382507900819827067260638850046 33097492703030240705905368465
62785623091596108610954717945831 67511422679135600656940556931 33420163717663838838323585867267 53965880990075586333676712805613 45064495078230408605075019211
62785623091596108610954717945831 67511422679135600656940556931 33420163717663838838323585867267 14044512690402214608941406770864 8938205264843665206496209782
62785623091596108610954717945831 67511422679135600656940556931 33420163717663838838323585867267 11807708081186001551460126359601 6005455696927001539852851396
62785623091596108610954717945831 67511422679135600656940556931 33420163717663838838323585867267 35805193576098551272121828507628 25237083882561383121084018270
62785623091596108610954717945831 67511422679135600656940556931 33420163717663838838323585867267 53889909304389256311664556007 50231284537558444664149428601
62785623091596108610954717945831 67511422679135600656940556931 33420163717663838838323585867267 37491222471489972949987990385476 32900389424409173584155525396
62785623091596108610954717945831 67511422679135600656940556931 33420163717663838838323585867267 41999857411901851626835635733045 29824002386035221394625640149
62785623091596108610954717945831 67511422679135600656940556931 33420163717663838838323585867267 27504127614671397570339032677021 33589933525330128761851299919
62785623091596108610954717945831 67511422679135600656940556931 33420163717663838838323585867267 43198766469499382334871732333452 12459492356225737752347171420
62785623091596108610954717945831 67511422679135600656940556931 33420163717663838838323585867267 38249612110896095748142707505363 566957109038385847815199698
62785623091596108610954717945831 67511422679135600656940556931 33420163717663838838323585867267 33952859373957752204396216722456 26189173503639964404577642004
62785623091596108610954717945831 67511422679135600656940556931 33420163717663838838323585867267 10226330938019743929367760824446 44707197069220486806751102652
62785623091596108610954717945831 67511422679135600656940556931 33420163717663838838323585867267 50859890335516438336704559858606 43741782806645870302190773640
62785623091596108610954717945831 67511422679135600656940556931 33420163717663838838323585867267 982968519855781271345711554710 3597618193738488978876051766
62785623091596108610954717945831 67511422679135600656940556931 33420163717663838838323585867267 41087944303169071056603475122538 44608699769690123433478804379
62785623091596108610954717945831 67511422679135600656940556931 33420163717663838838323585867267 11819898977492104376764461264863 5840137397718425662686451572
62785623091596108610954717945831 67511422679135600656940556931 33420163717663838838323585867267 50246550705439706485960818619198 35281037023140602818262222862
62785623091596108610954717945831 67511422679135600656940556931 33420163717663838838323585867267 24772815603102765907213521375499 61090490303297819384926639697
62785623091596108610954717945831 67511422679135600656940556931 33420163717663838838323585867267 46313664794367567091448787354173 43238545533384519319544976250
62785623091596108610954717945831 67511422679135600656940556931 33420163717663838838323585867267 50976884658744152063344302356518 26859445185995902245382879515
62785623091596108610954717945831 67511422679135600656940556931 33420163717663838838323585867267 17143709591191479242201526580575 41318723164306749497418055933
62785623091596108610954717945831 67511422679135600656940556931 33420163717663838838323585867267 3861385787136276126606167402586 13493537988644138253591862143
62785623091596108610954717945831 67511422679135600656940556931 33420163717663838838323585867267 19473013874156729861508121788753 53924740947459215454898813769
62785623091596108610954717945831 67511422679135600656940556931 33420163717663838838323585867267 28015610012459017722413808720558 9117420439041915201483358984
62785623091596108610954717945831 67511422679135600656940556931 33420163717663838838323585867267 56906454407563955291794772259654 2970802226135165485165664550
62785623091596108610954717945831 67511422679135600656940556931 33420163717663838838323585867267 17686313796531300845586664876627 63517095804427986764377683736
62785623091596108610954717945831 67511422679135600656940556931 33420163717663838838323585867267 55290477626879372045452527899437 15254333822687749004816467374
62785623091596108610954717945831 67511422679135600656940556931 33420163717663838838323585867267 2771194879644423215611701908701 37017850565408329621596314964
62785623091596108610954717945831 67511422679135600656940556931 33420163717663838838323585867267 42755128774509997808535784854726 10993937387040544781291541298
62785623091596108610954717945831 67511422679135600656940556931 33420163717663838838323585867267 51271881282801247002828579857015 8895413291116005514686023385
62785623091596108610954717945831 67511422679135600656940556931 33420163717663838838323585867267 49716444485428560337564697531331 12201922809958860591100970638
62785623091596108610954717945831 67511422679135600656940556931 33420163717663838838323585867267 52971103901819074693265863977400 15234633638644462965941265103
62785623091596108610954717945831 67511422679135600656940556931 33420163717663838838323585867267 24209078048872467500580039555336 39671453106836353082582891872
62785623091596108610954717945831 67511422679135600656940556931 33420163717663838838323585867267 46786525304554678905621679416762 14714111240267989703511407817
62785623091596108610954717945831 67511422679135600656940556931 33420163717663838838323585867267 21039541157657134314315123710579 9059083536311810745562778560
62785623091596108610954717945831 67511422679135600656940556931 33420163717663838838323585867267 23431853681393980185483443604409 53063283918756857043090084888
62785623091596108610954717945831 67511422679135600656940556931 33420163717663838838323585867267 32895195505445988482966772914410 66979661557842937231691735536
62785623091596108610954717945831 67511422679135600656940556931 33420163717663838838323585867267 22849107925427605391953076642910 44215616261623274385617212726
62785623091596108610954717945831 67511422679135600656940556931 33420163717663838838323585867267 30492256543974432835232071407173 65373095801667857359937406732
62785623091596108610954717945831 67511422679135600656940556931 33420163717663838838323585867267 8926912564818261769533365405181 25319313771899588288224950419
62785623091596108610954717945831 67511422679135600656940556931 33420163717663838838323585867267 49762149480228651807947460046475 39144865823275821300939510019
62785623091596108610954717945831 67511422679135600656940556931 33420163717663838838323585867267 42152676474174182242341724039755 54128458622504124640109075163
62785623091596108610954717945831 67511422679135600656940556931 33420163717663838838323585867267 30317307884626636224756522238529 44625191659875828149101976498
62785623091596108610954717945831 67511422679135600656940556931 33420163717663838838323585867267 52831506448336840067959990029683 48459119439782222233752116376
62785623091596108610954717945831 67511422679135600656940556931 33420163717663838838323585867267 12870105934353262208824907295191 67418718881440001513620220329
62785623091596108610954717945831 67511422679135600656940556931 33420163717663838838323585867267 28031398369935212073973000982660 40159411932680369862507159517
62785623091596108610954717945831 67511422679135600656940556931 33420163717663838838323585867267 1339804606004253143840615040167 45420306560375800215176331526
62785623091596108610954717945831 67511422679135600656940556931 33420163717663838838323585867267 1494494909249885842788756226433 11676656805744963030525615624
62785623091596108610954717945831 67511422679135600656940556931 33420163717663838838323585867267 11883113914193558803895300130653 39127683869618277574043357563
62785623091596108610954717945831 67511422679135600656940556931 33420163717663838838323585867267 48707292318738778112603504525855 27026652307249284842168853014
62785623091596108610954717945831 67511422679135600656940556931 33420163717663838838323585867267 23786581757964293940998518226522 9705120933625068732356125549
62785623091596108610954717945831 67511422679135600656940556931 33420163717663838838323585867267 53503144370761068091847372440450 50914494506644254134770904612
62785623091596108610954717945831 67511422679135600656940556931 33420163717663838838323585867267 11381889280119687912222910837654 63217793035756238206127569825
62785623091596108610954717945831 67511422679135600656940556931 33420163717663838838323585867267 6416571005922871008389177171244 56361967751743003412889198727
62785623091596108610954717945831 67511422679135600656940556931 33420163717663838838323585867267 62434807290163709870473607141330 16023706387432621763669999139
62785623091596108610954717945831 67511422679135600656940556931 33420163717663838838323585867267 9218470813660232446760123921699 6926735673052223587923632563
62785623091596108610954717945831 67511422679135600656940556931 33420163717663838838323585867267 49245639064490095773198823542439 55653925011815998678252864130
62785623091596108610954717945831 67511422679135600656940556931 33420163717663838838323585867267 1962226931198567138507289651889 51396568907358200218180544776
62785623091596108610954717945831 67511422679135600656940556931 33420163717663838838323585867267 61258262900363271367879551588208 41561005865022820886312681618
62785623091596108610954717945831 67511422679135600656940556931 33420163717663838838323585867267 49383303898029428292876883166862 40178126923805825140427518940
62785623091596108610954717945831 67511422679135600656940556931 33420163717663838838323585867267 55334145990385624320902445688059 3198932869461721157421436250
62785623091596108610954717945831 67511422679135600656940556931 33420163717663838838323585867267 16161772946748514578633968613405 29523024350781236232785602647
62785623091596108610954717945831 67511422679135600656940556931 33420163717663838838323585867267 24699443937256092555695336127320 19074384180704898166509441930
62785623091596108610954717945831 67511422679135600656940556931 33420163717663838838323585867267 1627842253569456873422757833215 63668615471287230800622963232
62785623091596108610954717945831 67511422679135600656940556931 33420163717663838838323585867267 7696166443194901116063892970397 58623497974814604608487106578
62785623091596108610954717945831 67511422679135600656940556931 33420163717663838838323585867267 36744846940048034293391489188517 32805117178267951207152346853
62785623091596108610954717945831 67511422679135600656940556931 33420163717663838838323585867267 16573532092133306297402018554384 39295936407696063493722080542
62785623091596108610954717945831 67511422679135600656940556931 33420163717663838838323585867267 40314663234546984143136847756937 279834558137096650280101900
62785623091596108610954717945831 67511422679135600656940556931 33420163717663838838323585867267 19334896698450398173381501932104 50680741235145576375576307105
62785623091596108610954717945831 67511422679135600656940556931 33420163717663838838323585867267 48800119433668664024003567533754 10128782847142277127616211197
62785623091596108610954717945831 67511422679135600656940556931 33420163717663838838323585867267 62234738453050166053926593246174 49113158035450316915332340350
62785623091596108610954717945831 67511422679135600656940556931 33420163717663838838323585867267 8480344144943487416078147773409 62028889521355502133339788909
62785623091596108610954717945831 67511422679135600656940556931 33420163717663838838323585867267 17213081884639682727530001517841 5156909442641996106183009355
62785623091596108610954717945831 67511422679135600656940556931 33420163717663838838323585867267 36945252714067112528469185872562 1024161116540496818815321899
62785623091596108610954717945831 67511422679135600656940556931 33420163717663838838323585867267 1956331532924107139501713795532 1904492845793961621045033846
62785623091596108610954717945831 67511422679135600656940556931 33420163717663838838323585867267 46480771908404541002584836672255 6427621453454818895380397378
62785623091596108610954717945831 67511422679135600656940556931 33420163717663838838323585867267 3180827311219718791556668900932 15895451581924958492597194699
62785623091596108610954717945831 67511422679135600656940556931 33420163717663838838323585867267 11591791983919771963724684989401 45137423687527643032431267750
62785623091596108610954717945831 67511422679135600656940556931 33420163717663838838323585867267 31477548983864038287760210619991 57275187920524182535288128600
