10028100902441168155572664550183319857 48212023569428693055637810337419807 6535667926688342862676168445886129866 2066859076742275763627919231860770112 10332651695641357498363606790522917
10028100902441168155572664550183319857 48212023569428693055637810337419807 6535667926688342862676168445886129866 6570835204010873584524202154185882891 13821805697206494823270274138826911
10028100902441168155572664550183319857 48212023569428693055637810337419807 6535667926688342862676168445886129866 4773230993630908162145278217171916672 8859077846048952922090551096552236
10028100902441168155572664550183319857 48212023569428693055637810337419807 6535667926688342862676168445886129866 8388600127750563439083738157724698130 9532718028815620808167889069222103
10028100902441168155572664550183319857 48212023569428693055637810337419807 6535667926688342862676168445886129866 9085073004281158556956157121873414820 9723182472351012868960678172105862
10028100902441168155572664550183319857 48212023569428693055637810337419807 6535667926688342862676168445886129866 695493225343634461971541392188507446 30894606354475369481287854690269527
10028100902441168155572664550183319857 48212023569428693055637810337419807 6535667926688342862676168445886129866 3909341205096336600311521315380615356 5304400759144057113963926768291254
10028100902441168155572664550183319857 48212023569428693055637810337419807 6535667926688342862676168445886129866 9512620217373805172758433366503807623 22257544566237656512143622306163483
10028100902441168155572664550183319857 48212023569428693055637810337419807 6535667926688342862676168445886129866 1934432215019261382621241255289501211 20692097363584670466417935377259885
10028100902441168155572664550183319857 48212023569428693055637810337419807 6535667926688342862676168445886129866 489348741623250784647114862327873046 46334679298899361510318562663370242
10028100902441168155572664550183319857 48212023569428693055637810337419807 6535667926688342862676168445886129866 9253725877511710111387355906027934197 28119260417399072612803154391933429
10028100902441168155572664550183319857 48212023569428693055637810337419807 6535667926688342862676168445886129866 9266869040692756131702250230978569737 15014894433014447532018925950328474
10028100902441168155572664550183319857 48212023569428693055637810337419807 6535667926688342862676168445886129866 356942536914562435190485815643032798 16391700222576140541494819007701329
10028100902441168155572664550183319857 48212023569428693055637810337419807 6535667926688342862676168445886129866 1723995380186322178804370439164251903 40245557385080776521372927598070691
10028100902441168155572664550183319857 48212023569428693055637810337419807 6535667926688342862676168445886129866 4503150619215987386205041451982169816 20324373250251657630974885536480097
10028100902441168155572664550183319857 48212023569428693055637810337419807 6535667926688342862676168445886129866 4027496314458753809771535786256643691 47285295478938435169513215712562541
10028100902441168155572664550183319857 48212023569428693055637810337419807 6535667926688342862676168445886129866 6127767175244415832488830515746264105 14442457095517469431992508256191565
10028100902441168155572664550183319857 48212023569428693055637810337419807 6535667926688342862676168445886129866 3070606871560898574296170385319853910 8559039058287583513063769963318675
10028100902441168155572664550183319857 48212023569428693055637810337419807 6535667926688342862676168445886129866 7772274436753275100620820471325745509 12524941372686282556164613898391382
10028100902441168155572664550183319857 48212023569428693055637810337419807 6535667926688342862676168445886129866 8791766832644929636356953791227735224 29890054668407182537865625719744561
10028100902441168155572664550183319857 48212023569428693055637810337419807 6535667926688342862676168445886129866 6880384237418897755548616404876214470 20812636530528016749257847466987593
10028100902441168155572664550183319857 48212023569428693055637810337419807 6535667926688342862676168445886129866 821017970303581607148183506234749103 27297342449643147775341783007186085
10028100902441168155572664550183319857 48212023569428693055637810337419807 6535667926688342862676168445886129866 3566457312005025891056455345865971304 41719624535979359116333945758059779
10028100902441168155572664550183319857 48212023569428693055637810337419807 6535667926688342862676168445886129866 3918121585567053990410703616524482313 23968948989485257067976128424542702
10028100902441168155572664550183319857 48212023569428693055637810337419807 6535667926688342862676168445886129866 4227078923564537049530470573745981664 40669008553052547394112621771955685
10028100902441168155572664550183319857 48212023569428693055637810337419807 6535667926688342862676168445886129866 6847437734347254406396108789655587833 46836281405661020708102774367315291
10028100902441168155572664550183319857 48212023569428693055637810337419807 6535667926688342862676168445886129866 1016479251291689297230238947841633618 44138544127996274078217496713782712
10028100902441168155572664550183319857 48212023569428693055637810337419807 6535667926688342862676168445886129866 641199571268750174903596606326168805 46624173755488756508334878610951501
10028100902441168155572664550183319857 48212023569428693055637810337419807 6535667926688342862676168445886129866 6559772710576678844296153148052905325 26639868418264268381558996522001731
10028100902441168155572664550183319857 48212023569428693055637810337419807 6535667926688342862676168445886129866 6424065192640307845849117069768685918 25569278055428549644227255654678094
10028100902441168155572664550183319857 48212023569428693055637810337419807 6535667926688342862676168445886129866 5643760882715960187790634379002310324 27201657424053752016126792390936831
10028100902441168155572664550183319857 48212023569428693055637810337419807 6535667926688342862676168445886129866 8537050232594731124015581208004932725 45560406797754319140075578682706776
10028100902441168155572664550183319857 48212023569428693055637810337419807 6535667926688342862676168445886129866 4323710024866021246814320014722853815 19999360466101413625413420140754823
10028100902441168155572664550183319857 48212023569428693055637810337419807 6535667926688342862676168445886129866 4779680741353884523805198839478434116 10578034118312911701653869846552505
10028100902441168155572664550183319857 48212023569428693055637810337419807 6535667926688342862676168445886129866 3086009770278019966442824909661707288 15582639426517133661442257097117242
10028100902441168155572664550183319857 48212023569428693055637810337419807 6535667926688342862676168445886129866 9567603831441174732827210485156277674 7506089394380105816520718311976061
10028100902441168155572664550183319857 48212023569428693055637810337419807 6535667926688342862676168445886129866 976401802917518339717322682091621171 41048846989993024684189159326464470
10028100902441168155572664550183319857 48212023569428693055637810337419807 6535667926688342862676168445886129866 9976164544344700520987622408721641231 35329661133001293136288262918721131
10028100902441168155572664550183319857 48212023569428693055637810337419807 6535667926688342862676168445886129866 8281730822377556819994633228216278541 524330865462075698868438989648032
10028100902441168155572664550183319857 48212023569428693055637810337419807 6535667926688342862676168445886129866 8612468975228130901257765553705258184 17722430129681385200409170790629262
10028100902441168155572664550183319857 48212023569428693055637810337419807 6535667926688342862676168445886129866 4299864920111879065743357587996046707 46382606218904041363715446431256662
10028100902441168155572664550183319857 48212023569428693055637810337419807 6535667926688342862676168445886129866 5991879451751934990809441842735542455 4567627473914155298723134304970151
10028100902441168155572664550183319857 48212023569428693055637810337419807 6535667926688342862676168445886129866 1239350090644809138266326021820137390 19619661147506659594085428434898725
10028100902441168155572664550183319857 48212023569428693055637810337419807 6535667926688342862676168445886129866 5363402907473231963925610261300099067 23087915386152018111714093045992744
10028100902441168155572664550183319857 48212023569428693055637810337419807 6535667926688342862676168445886129866 7016529072095186718519094427574156723 15131403723030927458257506494439251
10028100902441168155572664550183319857 48212023569428693055637810337419807 6535667926688342862676168445886129866 6324745910166532386596510782472104564 23097437604927545026418753299764513
10028100902441168155572664550183319857 48212023569428693055637810337419807 6535667926688342862676168445886129866 2598866110101542814146348770130847018 15672859786368263659765592126015327
10028100902441168155572664550183319857 48212023569428693055637810337419807 6535667926688342862676168445886129866 5025914278090822778208792344919097746 16410876402486529239967089455649331
10028100902441168155572664550183319857 48212023569428693055637810337419807 6535667926688342862676168445886129866 179533621142945271866902487615896153 35473620054329397359743473390985377
10028100902441168155572664550183319857 48212023569428693055637810337419807 6535667926688342862676168445886129866 2808444374951110984435141490838537533 24226248192452287782972436783336756
10028100902441168155572664550183319857 48212023569428693055637810337419807 6535667926688342862676168445886129866 3441447340964154883102075510962360972 41234835147430019347395834150358578
10028100902441168155572664550183319857 48212023569428693055637810337419807 6535667926688342862676168445886129866 3854016284345896361739600922776045720 15517733508732473734126799450550512
10028100902441168155572664550183319857 48212023569428693055637810337419807 6535667926688342862676168445886129866 852791374368316948450452877828881266 46355304031624432981999483026170101
10028100902441168155572664550183319857 48212023569428693055637810337419807 6535667926688342862676168445886129866 1349719434067142577118121878693852405 14289767610760932364120710595960063
10028100902441168155572664550183319857 48212023569428693055637810337419807 6535667926688342862676168445886129866 7563471660010890367620510813518532588 19387663575589786054000413400153844
10028100902441168155572664550183319857 48212023569428693055637810337419807 6535667926688342862676168445886129866 3314858849373616152858766839430463898 12187392504328959048334760539782043
10028100902441168155572664550183319857 48212023569428693055637810337419807 6535667926688342862676168445886129866 9049730759154256102608525520048841209 6915645302912893095966102568598957
10028100902441168155572664550183319857 48212023569428693055637810337419807 6535667926688342862676168445886129866 7607745789396464542488494249534158556 28830417284504496356565679377605615
10028100902441168155572664550183319857 48212023569428693055637810337419807 6535667926688342862676168445886129866 429344611990060513327214211017165882 2507095310391578301207201404427392
10028100902441168155572664550183319857 48212023569428693055637810337419807 6535667926688342862676168445886129866 9042229062865403022104871336838384990 14000627377993168856663575277146039
10028100902441168155572664550183319857 48212023569428693055637810337419807 6535667926688342862676168445886129866 3532435907739234658787541296156680640 33701599395414238499484043726504610
10028100902441168155572664550183319857 48212023569428693055637810337419807 6535667926688342862676168445886129866 2626313161178489959800242267993314611 32400627385242015702444920968506263
10028100902441168155572664550183319857 48212023569428693055637810337419807 6535667926688342862676168445886129866 408732657614132855132586648606989571 23673602959422884009895315795167087
10028100902441168155572664550183319857 48212023569428693055637810337419807 6535667926688342862676168445886129866 1160846900293204658677810531088851228 20982655642582757372934283831221626
10028100902441168155572664550183319857 48212023569428693055637810337419807 6535667926688342862676168445886129866 3192133008591232179954878537234566786 35755212547275300507041570902465170
10028100902441168155572664550183319857 48212023569428693055637810337419807 6535667926688342862676168445886129866 8888404139801983712358947511825383511 21108878385000379685648822211431167
10028100902441168155572664550183319857 48212023569428693055637810337419807 6535667926688342862676168445886129866 9902015980765063778706054000399174943 9410371095034477191203092301443708
10028100902441168155572664550183319857 48212023569428693055637810337419807 6535667926688342862676168445886129866 4414078586261099577907485927917012772 30574034911834133638433711710735956
10028100902441168155572664550183319857 48212023569428693055637810337419807 6535667926688342862676168445886129866 9339107521061678184344403929879176550 35606963111304629191099481780021811
10028100902441168155572664550183319857 48212023569428693055637810337419807 6535667926688342862676168445886129866 9212995156295868641452429779610645934 10762940836409853390285692219849766
10028100902441168155572664550183319857 48212023569428693055637810337419807 6535667926688342862676168445886129866 4578086279488899711214380406568307439 44644456808197392219576697130533486
10028100902441168155572664550183319857 48212023569428693055637810337419807 6535667926688342862676168445886129866 4234362945938888069003758106184624955 31186048558098910040773252713602561
10028100902441168155572664550183319857 48212023569428693055637810337419807 6535667926688342862676168445886129866 2443935609526396902925295820449757785 29724750217108737252585754918789205
10028100902441168155572664550183319857 48212023569428693055637810337419807 6535667926688342862676168445886129866 447454682047194398000529378050996763 23622842253829195769939149364502071
10028100902441168155572664550183319857 48212023569428693055637810337419807 6535667926688342862676168445886129866 5585517217898934276137906371808936150 46820622328394067665027228088801703
10028100902441168155572664550183319857 48212023569428693055637810337419807 6535667926688342862676168445886129866 5990166636179228803671548472985761405 24886259846916699496231616290169438
10028100902441168155572664550183319857 48212023569428693055637810337419807 6535667926688342862676168445886129866 2571876524948322936505110296590139519 3989547630371589671060572441172940
10028100902441168155572664550183319857 48212023569428693055637810337419807 6535667926688342862676168445886129866 1102518216026601670838056419661662840 34975817902443330828712186995861471
10028100902441168155572664550183319857 48212023569428693055637810337419807 6535667926688342862676168445886129866 9439047647762126786196364691870602951 46510571363063213782659985874383824
10028100902441168155572664550183319857 48212023569428693055637810337419807 6535667926688342862676168445886129866 4521503292680345350655149341724331166 28978094316318680680915258010800563
10028100902441168155572664550183319857 48212023569428693055637810337419807 6535667926688342862676168445886129866 9290137252486981254708645606347553215 13420237633017856685082510861398619
10028100902441168155572664550183319857 48212023569428693055637810337419807 6535667926688342862676168445886129866 3233992121627301630669218353658820485 25029697236840148845403899611184076
10028100902441168155572664550183319857 48212023569428693055637810337419807 6535667926688342862676168445886129866 5032201851001661977888269783355070606 23427053005474569125301343823988849
10028100902441168155572664550183319857 48212023569428693055637810337419807 6535667926688342862676168445886129866 6368107522137577923397167013379143795 13933784557664792269034522349626355
10028100902441168155572664550183319857 48212023569428693055637810337419807 6535667926688342862676168445886129866 1920560777241485064928117210040093858 33325034037922398778069883508438365
10028100902441168155572664550183319857 48212023569428693055637810337419807 6535667926688342862676168445886129866 9766888034081083947690582160557221640 42239065877996762008915835946147683
10028100902441168155572664550183319857 48212023569428693055637810337419807 6535667926688342862676168445886129866 2800398688624821463658131799404254136 25231808800100606139444218278823292
10028100902441168155572664550183319857 48212023569428693055637810337419807 6535667926688342862676168445886129866 702461175994988943834192185669476508 6483245740609634733400518637396402
10028100902441168155572664550183319857 48212023569428693055637810337419807 6535667926688342862676168445886129866 3403018403327456769200051488294523178 31383789193949235887002932246276025
10028100902441168155572664550183319857 48212023569428693055637810337419807 6535667926688342862676168445886129866 2488617604675485504916141062776497825 7038994208147268098498566791466581
10028100902441168155572664550183319857 48212023569428693055637810337419807 6535667926688342862676168445886129866 8342304867961539289964014786285779465 18862755864284079717585781056410283
10028100902441168155572664550183319857 48212023569428693055637810337419807 6535667926688342862676168445886129866 2185224249131206315710123721652550579 27957167552599925539022347344249805
10028100902441168155572664550183319857 48212023569428693055637810337419807 6535667926688342862676168445886129866 1183713684486185888000819136064528080 35812367351303343820799396600696380
10028100902441168155572664550183319857 48212023569428693055637810337419807 6535667926688342862676168445886129866 6123538157793691421601013756405858077 36665947446938253152684110601550865
10028100902441168155572664550183319857 48212023569428693055637810337419807 6535667926688342862676168445886129866 7094697839595510948088824692061804122 15235614586470660425351100228598561
10028100902441168155572664550183319857 48212023569428693055637810337419807 6535667926688342862676168445886129866 3339902303256115025015604624527157025 6246283540614678002996039134428986
10028100902441168155572664550183319857 48212023569428693055637810337419807 6535667926688342862676168445886129866 6058450115499598275532258996488850395 24435721988818818888906071674480107
10028100902441168155572664550183319857 48212023569428693055637810337419807 6535667926688342862676168445886129866 762039952218138335183548320263108939 7779192265592075271802258248285812
10028100902441168155572664550183319857 48212023569428693055637810337419807 6535667926688342862676168445886129866 3604276481860549095176282731750425169 14409484637329946001528925995166756
10028100902441168155572664550183319857 48212023569428693055637810337419807 6535667926688342862676168445886129866 6066922628015576365557778661774451961 12701078158825405413939695639738481
164547509027274874347669512945774994263 190008670932188076613937081923527707 144575595495802910620820361703073761890 137955612050006786524797772698143921984 17089952650485656270738038667055755
164547509027274874347669512945774994263 190008670932188076613937081923527707 144575595495802910620820361703073761890 109009405649242842630240078835588538677 125540591051057817653057101824753099
164547509027274874347669512945774994263 190008670932188076613937081923527707 144575595495802910620820361703073761890 148405107025629503770817496812929275981 92353958307480073221336038402610376
164547509027274874347669512945774994263 190008670932188076613937081923527707 144575595495802910620820361703073761890 24366251394328191967668698280189671814 156463627633884859542376613905424134
164547509027274874347669512945774994263 190008670932188076613937081923527707 144575595495802910620820361703073761890 137535231934582645977888863982699466968 54453749072169249366048874060650812
164547509027274874347669512945774994263 190008670932188076613937081923527707 144575595495802910620820361703073761890 28483975781249750744349331576161374092 78285913958011796766479861696470680
164547509027274874347669512945774994263 190008670932188076613937081923527707 144575595495802910620820361703073761890 111395142922895396652918916669229500073 178987019295717718746042957360607696
164547509027274874347669512945774994263 190008670932188076613937081923527707 144575595495802910620820361703073761890 75161303209241006815200350746878668560 84541156014802495293714258142355474
164547509027274874347669512945774994263 190008670932188076613937081923527707 144575595495802910620820361703073761890 147368437477830849434078172374175272790 138458039502308687441626871239991042
164547509027274874347669512945774994263 190008670932188076613937081923527707 144575595495802910620820361703073761890 33337732259602446595367283446790739228 180796388076202810546600053993221817
164547509027274874347669512945774994263 190008670932188076613937081923527707 144575595495802910620820361703073761890 141481177120070895181358985948159464387 2445702040843104517266378277326869
164547509027274874347669512945774994263 190008670932188076613937081923527707 144575595495802910620820361703073761890 52963579425982105900110177210617365422 48759767340688537941930729185495938
164547509027274874347669512945774994263 190008670932188076613937081923527707 144575595495802910620820361703073761890 29686307540841059876886993955002120522 108739862613793962502691387259987341
164547509027274874347669512945774994263 190008670932188076613937081923527707 144575595495802910620820361703073761890 145683242036816972238882881680466397832 105793033838232127319575852619147288
164547509027274874347669512945774994263 190008670932188076613937081923527707 144575595495802910620820361703073761890 65160663505619905438276920776815400194 181226310925993631622154718034548424
164547509027274874347669512945774994263 190008670932188076613937081923527707 144575595495802910620820361703073761890 37822957130243366872228684200244944127 70948582210962615888804802105498268
164547509027274874347669512945774994263 190008670932188076613937081923527707 144575595495802910620820361703073761890 23207336612371801074538001670056749477 168475033356068907462029356192704474
164547509027274874347669512945774994263 190008670932188076613937081923527707 144575595495802910620820361703073761890 14191756836500507964538467532747471512 66497095979991427265281289678593628
164547509027274874347669512945774994263 190008670932188076613937081923527707 144575595495802910620820361703073761890 48432366731107757247935488114333142885 73535072966637227241803959980489438
164547509027274874347669512945774994263 190008670932188076613937081923527707 144575595495802910620820361703073761890 126712177218474473565998617764237137596 43695946175787163102491508714863243
164547509027274874347669512945774994263 190008670932188076613937081923527707 144575595495802910620820361703073761890 18753235649621042888546489725060823519 53769453008772712956606276073433185
164547509027274874347669512945774994263 190008670932188076613937081923527707 144575595495802910620820361703073761890 27228648472693079271334429627449386129 41664079061756588138335795770669072
164547509027274874347669512945774994263 190008670932188076613937081923527707 144575595495802910620820361703073761890 95942477971972762514870623905081546275 2409526927680830248854153372145441
164547509027274874347669512945774994263 190008670932188076613937081923527707 144575595495802910620820361703073761890 60026276752913089225149573915221479344 141520060353709602774105710983751487
164547509027274874347669512945774994263 190008670932188076613937081923527707 144575595495802910620820361703073761890 77090995304456697321355743307614288942 45043135663226254987753691456694746
164547509027274874347669512945774994263 190008670932188076613937081923527707 144575595495802910620820361703073761890 128020171778665495489429887052615174885 110685366689176924265135849758591341
164547509027274874347669512945774994263 190008670932188076613937081923527707 144575595495802910620820361703073761890 28233516377689379920106056410531363094 70545133250233439710066351401308376
164547509027274874347669512945774994263 190008670932188076613937081923527707 144575595495802910620820361703073761890 91969465252708107800407299315114909391 147632733397608505346024762987733345
164547509027274874347669512945774994263 190008670932188076613937081923527707 144575595495802910620820361703073761890 19825036460434774714583706706520162691 91364206164331145414771013154774824
164547509027274874347669512945774994263 190008670932188076613937081923527707 144575595495802910620820361703073761890 114335079912452693481490469595123756024 84805381061573010704751950449646855
164547509027274874347669512945774994263 190008670932188076613937081923527707 144575595495802910620820361703073761890 99909707912132881675716407299627652770 154004982215806496628070774158016624
164547509027274874347669512945774994263 190008670932188076613937081923527707 144575595495802910620820361703073761890 102755783371662596276396412637330847393 34343080045410999539705112211355179
164547509027274874347669512945774994263 190008670932188076613937081923527707 144575595495802910620820361703073761890 41856442684340052085852406572475815954 2500406531843540571708433215775022
164547509027274874347669512945774994263 190008670932188076613937081923527707 144575595495802910620820361703073761890 115323545298009324312328613299896033226 102506716902632249940805516462242983
164547509027274874347669512945774994263 190008670932188076613937081923527707 144575595495802910620820361703073761890 78963684164899482888045628354126770795 25849703625407529127254654388925834
164547509027274874347669512945774994263 190008670932188076613937081923527707 144575595495802910620820361703073761890 153110211346495392809180567851201490731 36448136770548034004629840987858334
164547509027274874347669512945774994263 190008670932188076613937081923527707 144575595495802910620820361703073761890 85120642529732400637587883130266045224 61564708751703010100550774365479054
164547509027274874347669512945774994263 190008670932188076613937081923527707 144575595495802910620820361703073761890 53079026830089618837049266501918622415 33324394004951663947644772999757209
164547509027274874347669512945774994263 190008670932188076613937081923527707 144575595495802910620820361703073761890 65545337469841778322689073568816399098 25569772388684046805028147661008449
164547509027274874347669512945774994263 190008670932188076613937081923527707 144575595495802910620820361703073761890 85034639063386041399259002627033856312 108201853189653561189159456009089425
164547509027274874347669512945774994263 190008670932188076613937081923527707 144575595495802910620820361703073761890 139192437489522368324542452922991444515 43583117019438181018844674750765310
164547509027274874347669512945774994263 190008670932188076613937081923527707 144575595495802910620820361703073761890 4009273416357648887015641239030438558 131097309712323572639964774188343643
164547509027274874347669512945774994263 190008670932188076613937081923527707 144575595495802910620820361703073761890 150219616896344519797678460733551206728 71946167021562768784887325257162116
164547509027274874347669512945774994263 190008670932188076613937081923527707 144575595495802910620820361703073761890 113717782749527256428602459517392381496 132047694023841742710657749636961984
164547509027274874347669512945774994263 190008670932188076613937081923527707 144575595495802910620820361703073761890 77253938730871297840249565986617538046 71279175766426721488777756560150518
164547509027274874347669512945774994263 190008670932188076613937081923527707 144575595495802910620820361703073761890 95830780857340498767031917720365220149 73526031986130106015544428627938718
164547509027274874347669512945774994263 190008670932188076613937081923527707 144575595495802910620820361703073761890 10125684167278179513869170372557944054 86105015408948009325405449845073708
164547509027274874347669512945774994263 190008670932188076613937081923527707 144575595495802910620820361703073761890 32375588539080882249498554361255091275 144325582097174672973330073765738121
164547509027274874347669512945774994263 190008670932188076613937081923527707 144575595495802910620820361703073761890 34493952416598718559712823120852470685 132344907525668110001312327900673978
164547509027274874347669512945774994263 190008670932188076613937081923527707 144575595495802910620820361703073761890 49221470111440623714219357592159858407 83913016079506823879203892441840563
164547509027274874347669512945774994263 190008670932188076613937081923527707 144575595495802910620820361703073761890 125602319512143031767314338942558150376 35783476097391751065596490663717506
164547509027274874347669512945774994263 190008670932188076613937081923527707 144575595495802910620820361703073761890 40373849413212364057568853305713499487 72934724923465872226130675582086752
164547509027274874347669512945774994263 190008670932188076613937081923527707 144575595495802910620820361703073761890 143157427804436832818636741121311104693 153791863704743218663316413607411127
164547509027274874347669512945774994263 190008670932188076613937081923527707 144575595495802910620820361703073761890 6710853471784786233772803274316572812 136379122220632874475334211600986243
164547509027274874347669512945774994263 190008670932188076613937081923527707 144575595495802910620820361703073761890 111907016772181828969252522084254865795 170874822766561846716503458451370444
164547509027274874347669512945774994263 190008670932188076613937081923527707 144575595495802910620820361703073761890 57390498991195155441461694738492410117 22435364468006203340485231750393603
164547509027274874347669512945774994263 190008670932188076613937081923527707 144575595495802910620820361703073761890 2359417595238296343062299154391249392 118927924799652904032842906985665965
164547509027274874347669512945774994263 190008670932188076613937081923527707 144575595495802910620820361703073761890 16114323992500758664875553212401748794 184939809817898736371418159678781317
164547509027274874347669512945774994263 190008670932188076613937081923527707 144575595495802910620820361703073761890 95176591083047278822955187881045698295 37674065800381944885748203600345193
164547509027274874347669512945774994263 190008670932188076613937081923527707 144575595495802910620820361703073761890 135225809093669578708497384211975563028 31224548604772275924473017841959537
164547509027274874347669512945774994263 190008670932188076613937081923527707 144575595495802910620820361703073761890 81938879726914851093652577167562910248 16660923357096109049808368381757003
164547509027274874347669512945774994263 190008670932188076613937081923527707 144575595495802910620820361703073761890 6625151671618255155028383261852383272 98603267492667586294033679722724792
164547509027274874347669512945774994263 190008670932188076613937081923527707 144575595495802910620820361703073761890 142889643191480455112087095671343921577 86114334728000530332069033376082251
164547509027274874347669512945774994263 190008670932188076613937081923527707 144575595495802910620820361703073761890 81761802148855160892915732194562752575 39686816417979849129612780897089123
164547509027274874347669512945774994263 190008670932188076613937081923527707 144575595495802910620820361703073761890 21408422495166218425305133742314419350 132289258296999573884938374030673347
164547509027274874347669512945774994263 190008670932188076613937081923527707 144575595495802910620820361703073761890 132371913802785854508354090325354281609 112473710923054233659968671470619391
164547509027274874347669512945774994263 190008670932188076613937081923527707 144575595495802910620820361703073761890 124439585176716395646224290682248994404 29022509245946804805765392586959575
164547509027274874347669512945774994263 190008670932188076613937081923527707 144575595495802910620820361703073761890 78570835694490485425037409320138499132 55911187525758446276635487444366882
164547509027274874347669512945774994263 190008670932188076613937081923527707 144575595495802910620820361703073761890 146242296025979451719555967594661399938 22788645092969694729823903543931322
164547509027274874347669512945774994263 190008670932188076613937081923527707 144575595495802910620820361703073761890 120385365451997893945345579657408383796 12404993653767262375297256309639974
164547509027274874347669512945774994263 190008670932188076613937081923527707 144575595495802910620820361703073761890 148452990352334220504067418273330112578 122485757130889031720571613601235283
164547509027274874347669512945774994263 190008670932188076613937081923527707 144575595495802910620820361703073761890 6920555755045930757482443563538883557 163645960885456152956690613447174068
164547509027274874347669512945774994263 190008670932188076613937081923527707 144575595495802910620820361703073761890 93462603632114157507791473772432913457 13605432818330182708926441422708855
164547509027274874347669512945774994263 190008670932188076613937081923527707 144575595495802910620820361703073761890 82755609056492922261743622524205646154 154127766515011813546346086097557681
164547509027274874347669512945774994263 190008670932188076613937081923527707 144575595495802910620820361703073761890 29349472140811844752564476845490309125 138444991205191534701530488541698781
164547509027274874347669512945774994263 190008670932188076613937081923527707 144575595495802910620820361703073761890 83727656240450558556668881395972852019 158360303398912578729138101646411726
164547509027274874347669512945774994263 190008670932188076613937081923527707 144575595495802910620820361703073761890 101978947603533591378689105992586147185 48429370204772376355411901210923920
164547509027274874347669512945774994263 190008670932188076613937081923527707 144575595495802910620820361703073761890 15895147600052789493019392171894112136 7078542807566791658259400566691438
164547509027274874347669512945774994263 190008670932188076613937081923527707 144575595495802910620820361703073761890 5813245741923286685266179617676950507 22163500533947410554539806433674974
164547509027274874347669512945774994263 190008670932188076613937081923527707 144575595495802910620820361703073761890 8533496820540329015187710714074288735 171638179720588990754853857472398582
164547509027274874347669512945774994263 190008670932188076613937081923527707 144575595495802910620820361703073761890 127784166782801411739234950350899060229 83177478963425557672742615966216205
164547509027274874347669512945774994263 190008670932188076613937081923527707 144575595495802910620820361703073761890 101564842562863202791952211230833622990 112207534643135920156173618382514373
164547509027274874347669512945774994263 190008670932188076613937081923527707 144575595495802910620820361703073761890 124618955723859324670981342735737631528 24523455086628032536287471349265691
164547509027274874347669512945774994263 190008670932188076613937081923527707 144575595495802910620820361703073761890 151332188071959361747219674759090946591 156144241095734930871844270440591015
164547509027274874347669512945774994263 190008670932188076613937081923527707 144575595495802910620820361703073761890 35983589056591816159498763258060699568 22855977029072510386940094762599164
164547509027274874347669512945774994263 190008670932188076613937081923527707 144575595495802910620820361703073761890 2958671937031757758129690829920845685 159321820899580628479021445747579574
164547509027274874347669512945774994263 190008670932188076613937081923527707 144575595495802910620820361703073761890 101821731877166718798794298228907861643 144239246631466422689207081573270655
164547509027274874347669512945774994263 190008670932188076613937081923527707 144575595495802910620820361703073761890 42984350315959751077652105121346590062 154554084585671748072517283349212946
164547509027274874347669512945774994263 190008670932188076613937081923527707 144575595495802910620820361703073761890 65352504700253046043260373038294446729 134322572265373952176104190383061695
164547509027274874347669512945774994263 190008670932188076613937081923527707 144575595495802910620820361703073761890 145708253654491117183668065440521074692 104336299017008786263301786573756173
164547509027274874347669512945774994263 190008670932188076613937081923527707 144575595495802910620820361703073761890 3824862232913868953128702385111974742 119231408331604236261046026822506257
164547509027274874347669512945774994263 190008670932188076613937081923527707 144575595495802910620820361703073761890 139476693089728792181696146810099339919 12395220494323610655167615665691839
164547509027274874347669512945774994263 190008670932188076613937081923527707 144575595495802910620820361703073761890 130787536376617450481748149087011184572 162451635392171120757040553033280159
164547509027274874347669512945774994263 190008670932188076613937081923527707 144575595495802910620820361703073761890 150815163416394997335900112351016626777 58135207021550650087692990924131126
164547509027274874347669512945774994263 190008670932188076613937081923527707 144575595495802910620820361703073761890 70674704978901955153700520760712027828 164760048673565935139973481311494849
164547509027274874347669512945774994263 190008670932188076613937081923527707 144575595495802910620820361703073761890 75569656671119193966087598268449509129 185229141736994487044898030271279899
164547509027274874347669512945774994263 190008670932188076613937081923527707 144575595495802910620820361703073761890 136858975188110259697675894156181765547 30298033745702049808406198427181047
164547509027274874347669512945774994263 190008670932188076613937081923527707 144575595495802910620820361703073761890 77902149623432238688354590982906403392 135535679053235961927097024481251501
164547509027274874347669512945774994263 190008670932188076613937081923527707 144575595495802910620820361703073761890 133154562940986875636516269883247287724 124849494378241298132304386481156527
164547509027274874347669512945774994263 190008670932188076613937081923527707 144575595495802910620820361703073761890 1949435630999439973468423563187143849 52746808674271244296570442281625553
3073824387421255109946446868948575225989 4341559869239060889754868458966914161 2912587310141725142523798157402253475397 249671859567005238939313702675047486367 2011850607057822341293361307418681885
3073824387421255109946446868948575225989 4341559869239060889754868458966914161 2912587310141725142523798157402253475397 2468805695154845425829297013472516255382 3544682927419153078404557181819615201
3073824387421255109946446868948575225989 4341559869239060889754868458966914161 2912587310141725142523798157402253475397 2920257896341620107659749643908790402519 2080294414698462117278320498909031774
3073824387421255109946446868948575225989 4341559869239060889754868458966914161 2912587310141725142523798157402253475397 2204983797877995505236983947200640229523 4110600454930127200885292326535024444
3073824387421255109946446868948575225989 4341559869239060889754868458966914161 2912587310141725142523798157402253475397 868060009610135920224677413615837359273 2518236551618198747764973823323444313
3073824387421255109946446868948575225989 4341559869239060889754868458966914161 2912587310141725142523798157402253475397 1610356001947861558048366955807228732989 3877166245669729835549960811321344984
3073824387421255109946446868948575225989 4341559869239060889754868458966914161 2912587310141725142523798157402253475397 1269286546749279589389346511243329425004 3055643705203430756542800980332581805
3073824387421255109946446868948575225989 4341559869239060889754868458966914161 2912587310141725142523798157402253475397 2499386150224562388761889364538461841740 2177392439349784110645674984402709390
3073824387421255109946446868948575225989 4341559869239060889754868458966914161 2912587310141725142523798157402253475397 2923193358081934751650782766993890986546 1511222878959054345309215565461797792
3073824387421255109946446868948575225989 4341559869239060889754868458966914161 2912587310141725142523798157402253475397 2900664708302365098164698689181323914480 2326976702574362981491510484065874619
3073824387421255109946446868948575225989 4341559869239060889754868458966914161 2912587310141725142523798157402253475397 176630125071092095281498648427851229959 2410876396182620218280583859112054216
3073824387421255109946446868948575225989 4341559869239060889754868458966914161 2912587310141725142523798157402253475397 1241321306164313957099569200739992734261 3978878306979537540247206979552631038
3073824387421255109946446868948575225989 4341559869239060889754868458966914161 2912587310141725142523798157402253475397 2917933619032287709607119990627766562230 3673437474921272438478991092489095140
3073824387421255109946446868948575225989 4341559869239060889754868458966914161 2912587310141725142523798157402253475397 2148368817521077499409580112094663436302 369058720062397039653281919952248831
3073824387421255109946446868948575225989 4341559869239060889754868458966914161 2912587310141725142523798157402253475397 2909289254124116665363279940832987713564 1068923118502049854323908026867548461
3073824387421255109946446868948575225989 4341559869239060889754868458966914161 2912587310141725142523798157402253475397 2454450209707294393542198974376611035274 2312767898667144889724908460875409305
3073824387421255109946446868948575225989 4341559869239060889754868458966914161 2912587310141725142523798157402253475397 325936850624153198931188057759508989481 1990542759892702180062290261914106962
3073824387421255109946446868948575225989 4341559869239060889754868458966914161 2912587310141725142523798157402253475397 799524564185721280377493233414163602803 3711867331290270537434510337239047963
3073824387421255109946446868948575225989 4341559869239060889754868458966914161 2912587310141725142523798157402253475397 1389912877797486843774882535851989213182 939479400117521849760803653466028000
3073824387421255109946446868948575225989 4341559869239060889754868458966914161 2912587310141725142523798157402253475397 1958065725197136587664737612335548552574 4160170765445282579898909983729526633
3073824387421255109946446868948575225989 4341559869239060889754868458966914161 2912587310141725142523798157402253475397 1936887863343502198562068297756615425207 2773950924874021946782132094989209906
3073824387421255109946446868948575225989 4341559869239060889754868458966914161 2912587310141725142523798157402253475397 2110095170926827816740516849684440129009 1673004634047974565401526326677952305
3073824387421255109946446868948575225989 4341559869239060889754868458966914161 2912587310141725142523798157402253475397 766811232048730619733827394479267229368 2806867121973021544394116117679785132
3073824387421255109946446868948575225989 4341559869239060889754868458966914161 2912587310141725142523798157402253475397 871497412157238140705616369620274381512 3649776526443847661878668050237279052
3073824387421255109946446868948575225989 4341559869239060889754868458966914161 2912587310141725142523798157402253475397 2275209159855505961379442311218412300006 1236706234046623984232215868209810124
3073824387421255109946446868948575225989 4341559869239060889754868458966914161 2912587310141725142523798157402253475397 1671236698846450182380093703109500373905 1527435599732057887453618275478663053
3073824387421255109946446868948575225989 4341559869239060889754868458966914161 2912587310141725142523798157402253475397 2417240210884767822218546554642730284718 1832112427499305164475087049464194304
3073824387421255109946446868948575225989 4341559869239060889754868458966914161 2912587310141725142523798157402253475397 662213657708447400697442332493360899254 3043618432129171141676809241988692234
3073824387421255109946446868948575225989 4341559869239060889754868458966914161 2912587310141725142523798157402253475397 508586149943944955410198549210766295054 2456793523160132735895944644921212183
3073824387421255109946446868948575225989 4341559869239060889754868458966914161 2912587310141725142523798157402253475397 2950680913137532761627154085375388584115 2719863220119622323747801047791167109
3073824387421255109946446868948575225989 4341559869239060889754868458966914161 2912587310141725142523798157402253475397 2864408385478626769286825769939628052362 415970563600502824814734104110523927
3073824387421255109946446868948575225989 4341559869239060889754868458966914161 2912587310141725142523798157402253475397 3067216386617156559655142211614796899327 3608955953572400757890080507390936790
3073824387421255109946446868948575225989 4341559869239060889754868458966914161 2912587310141725142523798157402253475397 1727468229072480530809715145145195631888 2902939632134883011936132123895745344
3073824387421255109946446868948575225989 4341559869239060889754868458966914161 2912587310141725142523798157402253475397 1944947467227221704909132837409946211376 3887406984848648706767550925232182526
3073824387421255109946446868948575225989 4341559869239060889754868458966914161 2912587310141725142523798157402253475397 2446806721639143370809652564838292279300 1855465038919654015597356921446458900
3073824387421255109946446868948575225989 4341559869239060889754868458966914161 2912587310141725142523798157402253475397 162905366627563390774196278493778774867 306050110854406758602529252826521904
3073824387421255109946446868948575225989 4341559869239060889754868458966914161 2912587310141725142523798157402253475397 1141420486220026764796541199409565579615 2604536379317520067079812045486440440
3073824387421255109946446868948575225989 4341559869239060889754868458966914161 2912587310141725142523798157402253475397 924842424809911825467968311865586919405 1525285329312679822302591732335231402
3073824387421255109946446868948575225989 4341559869239060889754868458966914161 2912587310141725142523798157402253475397 236923209175903902893796065398053716851 842027941926838347402260543412067391
3073824387421255109946446868948575225989 4341559869239060889754868458966914161 2912587310141725142523798157402253475397 816529967010535813294874866076365477313 882443218771010212050706922790262329
3073824387421255109946446868948575225989 4341559869239060889754868458966914161 2912587310141725142523798157402253475397 1097387950308610266066871741119299443949 2916904458971807725451216602952481972
3073824387421255109946446868948575225989 4341559869239060889754868458966914161 2912587310141725142523798157402253475397 2220331825666247200680756524121018266712 60332251935753983184284680032478485
3073824387421255109946446868948575225989 4341559869239060889754868458966914161 2912587310141725142523798157402253475397 1432935260316721968847868182006049222818 3289812938200518317470384414050206726
3073824387421255109946446868948575225989 4341559869239060889754868458966914161 2912587310141725142523798157402253475397 663775607366869716952617321211305646730 2678379235116208522793320591088885521
3073824387421255109946446868948575225989 4341559869239060889754868458966914161 2912587310141725142523798157402253475397 2163416703585237501995558996439276989876 3818929525661496270681483755861065935
3073824387421255109946446868948575225989 4341559869239060889754868458966914161 2912587310141725142523798157402253475397 1831081795278731033075645656716610679496 1616458841759939955725573585168156889
3073824387421255109946446868948575225989 4341559869239060889754868458966914161 2912587310141725142523798157402253475397 2071120968620885124357717950099841487602 4029594624744812894738355358304380172
3073824387421255109946446868948575225989 4341559869239060889754868458966914161 2912587310141725142523798157402253475397 1888625452810656881020025052655506672484 2613950372304555842126023650777990627
3073824387421255109946446868948575225989 4341559869239060889754868458966914161 2912587310141725142523798157402253475397 2971914896231125372288859004770722665100 2628191074272952887872962684216242452
3073824387421255109946446868948575225989 4341559869239060889754868458966914161 2912587310141725142523798157402253475397 1561224919136724691364532672774434252347 2007891663815778573682920128522806624
3073824387421255109946446868948575225989 4341559869239060889754868458966914161 2912587310141725142523798157402253475397 244322883221479735252585190545144537911 3437192717438269960808748176816365228
3073824387421255109946446868948575225989 4341559869239060889754868458966914161 2912587310141725142523798157402253475397 3006528900545494790187912667748721634182 3893748083720498283185785013193856280
3073824387421255109946446868948575225989 4341559869239060889754868458966914161 2912587310141725142523798157402253475397 1867672782820944217223822455871781010590 1364758155910192271101216561437656140
3073824387421255109946446868948575225989 4341559869239060889754868458966914161 2912587310141725142523798157402253475397 2929282058186272903668153465208021782561 3067645807944776165480452458118791532
3073824387421255109946446868948575225989 4341559869239060889754868458966914161 2912587310141725142523798157402253475397 1710252449972676439265695507610716486112 1360246506885262973768506290252420835
3073824387421255109946446868948575225989 4341559869239060889754868458966914161 2912587310141725142523798157402253475397 1146049424118472378660638161158010106250 3473370349804302762501553696633094433
3073824387421255109946446868948575225989 4341559869239060889754868458966914161 2912587310141725142523798157402253475397 2641555976080196812615084547819143202929 1051456808988163273499616902124623354
3073824387421255109946446868948575225989 4341559869239060889754868458966914161 2912587310141725142523798157402253475397 2170098276884167457485733040493295068287 1837942307254124783338321482138854297
3073824387421255109946446868948575225989 4341559869239060889754868458966914161 2912587310141725142523798157402253475397 340928518918378883548215495162305386185 2657481220063603048701837338587678408
3073824387421255109946446868948575225989 4341559869239060889754868458966914161 2912587310141725142523798157402253475397 954694505911275889510880523074792458934 996529251751688891482127775825001689
3073824387421255109946446868948575225989 4341559869239060889754868458966914161 2912587310141725142523798157402253475397 2936471810180048760429717315204185890891 402181822470837653266619390255416445
3073824387421255109946446868948575225989 4341559869239060889754868458966914161 2912587310141725142523798157402253475397 2740090761788624848841675062330291600063 755683444778955886850699299880459510
3073824387421255109946446868948575225989 4341559869239060889754868458966914161 2912587310141725142523798157402253475397 947960791233662906041701209422309676884 3219234177622891200927914012562540290
3073824387421255109946446868948575225989 4341559869239060889754868458966914161 2912587310141725142523798157402253475397 711990385299454889396827319272522489997 1814947207449930144213736074246102030
3073824387421255109946446868948575225989 4341559869239060889754868458966914161 2912587310141725142523798157402253475397 2694292818986682944023055242960485415876 1194574300640514035276193488166324976
3073824387421255109946446868948575225989 4341559869239060889754868458966914161 2912587310141725142523798157402253475397 1895004119464092763508678198747301096567 1511462154195206833296443735871348983
3073824387421255109946446868948575225989 4341559869239060889754868458966914161 2912587310141725142523798157402253475397 2965399284249669645247606279400106783759 1889688410679768138404003696959195314
3073824387421255109946446868948575225989 4341559869239060889754868458966914161 2912587310141725142523798157402253475397 795621037040259928075437717776997172113 67160707879857187385175287949049906
3073824387421255109946446868948575225989 4341559869239060889754868458966914161 2912587310141725142523798157402253475397 2037699462959666862250938334939024188100 1035582440092842701467677353748609000
3073824387421255109946446868948575225989 4341559869239060889754868458966914161 2912587310141725142523798157402253475397 2178500149431802650260695887185183951919 2996507839833115070005636005419402895
3073824387421255109946446868948575225989 4341559869239060889754868458966914161 2912587310141725142523798157402253475397 2901607263059049842480149677459632330340 2665973922916646379438529916695263443
3073824387421255109946446868948575225989 4341559869239060889754868458966914161 2912587310141725142523798157402253475397 169251527765747760177369029028498280555 2096518253773450726335618833984143287
3073824387421255109946446868948575225989 4341559869239060889754868458966914161 2912587310141725142523798157402253475397 1126532866291532805980465236170145104633 3422732659973622474038100452607992807
3073824387421255109946446868948575225989 4341559869239060889754868458966914161 2912587310141725142523798157402253475397 1748092753018749812999257470999603018658 4089230648026076534771776242116993553
3073824387421255109946446868948575225989 4341559869239060889754868458966914161 2912587310141725142523798157402253475397 1161549929814172771810096085780951272648 3442177870067836190626265502415331461
3073824387421255109946446868948575225989 4341559869239060889754868458966914161 2912587310141725142523798157402253475397 1227113228835995261377704142089726916425 1595873246784240926354448216893532612
3073824387421255109946446868948575225989 4341559869239060889754868458966914161 2912587310141725142523798157402253475397 169188248931315154435521029111286657246 1755157651761890329363682146968427788
3073824387421255109946446868948575225989 4341559869239060889754868458966914161 2912587310141725142523798157402253475397 419773871510622461784363345083892289699 2630909044019920822308726282461837107
3073824387421255109946446868948575225989 4341559869239060889754868458966914161 2912587310141725142523798157402253475397 1600336886166924625408439808360830281110 141824850495513071295922986340509833
3073824387421255109946446868948575225989 4341559869239060889754868458966914161 2912587310141725142523798157402253475397 2789101071154675027442595321793859548941 458069026667232360924707410865795854
3073824387421255109946446868948575225989 4341559869239060889754868458966914161 2912587310141725142523798157402253475397 2484004008164572485073162938368259948407 2887562496020495252250734802412022304
3073824387421255109946446868948575225989 4341559869239060889754868458966914161 2912587310141725142523798157402253475397 406073179052271415609915517739549504200 7312472371459667173726352748895682
3073824387421255109946446868948575225989 4341559869239060889754868458966914161 2912587310141725142523798157402253475397 418608819890772126152064673671625587790 4049761521571135284900597199636392629
3073824387421255109946446868948575225989 4341559869239060889754868458966914161 2912587310141725142523798157402253475397 296392497278174289735038712347044914539 955992988632541611950921901273445605
3073824387421255109946446868948575225989 4341559869239060889754868458966914161 2912587310141725142523798157402253475397 1166166242561698831768378849055091963805 2046287904438977105411691916727406306
3073824387421255109946446868948575225989 4341559869239060889754868458966914161 2912587310141725142523798157402253475397 96522381491306794661332962757777973269 1862334759287631481537229006888560196
3073824387421255109946446868948575225989 4341559869239060889754868458966914161 2912587310141725142523798157402253475397 2773631974203700873362253738615993757241 2885594905775350441268823378497387137
3073824387421255109946446868948575225989 4341559869239060889754868458966914161 2912587310141725142523798157402253475397 561532492028091023179452047938324491243 3823594802451191394860968361188524264
3073824387421255109946446868948575225989 4341559869239060889754868458966914161 2912587310141725142523798157402253475397 1873085328679906050497071908724002675021 3234562010744076497810509487908640459
3073824387421255109946446868948575225989 4341559869239060889754868458966914161 2912587310141725142523798157402253475397 177109351343649004134884938593832585760 879261066259351457665855269316786564
3073824387421255109946446868948575225989 4341559869239060889754868458966914161 2912587310141725142523798157402253475397 1567774925556326814510693653976998174796 2640740311613310911847271524921524148
3073824387421255109946446868948575225989 4341559869239060889754868458966914161 2912587310141725142523798157402253475397 1316340771729943407742962030887369256219 2337102151560038411572262098717046385
3073824387421255109946446868948575225989 4341559869239060889754868458966914161 2912587310141725142523798157402253475397 2127777676719414991801524487701291940976 906027970514735403929629311772819173
3073824387421255109946446868948575225989 4341559869239060889754868458966914161 2912587310141725142523798157402253475397 2595711287313970648934280909640915984475 1139248186838967126081096824686569757
3073824387421255109946446868948575225989 4341559869239060889754868458966914161 2912587310141725142523798157402253475397 303348467646756229950803191574375092935 1063342303261148662433259789247573939
3073824387421255109946446868948575225989 4341559869239060889754868458966914161 2912587310141725142523798157402253475397 1718766277337431608059849464502389814433 2846851132624163189143969277538542754
3073824387421255109946446868948575225989 4341559869239060889754868458966914161 2912587310141725142523798157402253475397 2074691780768038130218785072091733889871 1101721020772733661867953429929072262
3073824387421255109946446868948575225989 4341559869239060889754868458966914161 2912587310141725142523798157402253475397 1883803643696368552715585429100614230489 355097322999234836211647297473465020
3073824387421255109946446868948575225989 4341559869239060889754868458966914161 2912587310141725142523798157402253475397 175155511538797867386498953702124386384 2891735467457565067515658535903092919
3073824387421255109946446868948575225989 4341559869239060889754868458966914161 2912587310141725142523798157402253475397 1060652034510782295611373259865954951959 1868967663115793812202254738016909501
13565554079210287600397224058293369068199 27912662714424460083121860202249730593 7211141038650023287816591556923223713038 8324574194030698250734003165258457385028 3174162754269629934955986288554572474
13565554079210287600397224058293369068199 27912662714424460083121860202249730593 7211141038650023287816591556923223713038 4806719133212402454760962884123742185370 27086865194084598126186672667832963053
13565554079210287600397224058293369068199 27912662714424460083121860202249730593 7211141038650023287816591556923223713038 12499599323276874712864256473265379858761 25949367861526603137097521343503266870
13565554079210287600397224058293369068199 27912662714424460083121860202249730593 7211141038650023287816591556923223713038 11457318502749551305496601504762637960699 6780432422236064257117285560550269838
13565554079210287600397224058293369068199 27912662714424460083121860202249730593 7211141038650023287816591556923223713038 2093683861020221532710497447782408392804 26299619820016240685758174393269782726
13565554079210287600397224058293369068199 27912662714424460083121860202249730593 7211141038650023287816591556923223713038 12673630774832684878765822032705197546669 20947798138497626102531966112258764362
13565554079210287600397224058293369068199 27912662714424460083121860202249730593 7211141038650023287816591556923223713038 673699074916404478140116738255657366372 13562628337005526183605393376880169945
13565554079210287600397224058293369068199 27912662714424460083121860202249730593 7211141038650023287816591556923223713038 1905043861151307036172250459393907289143 12728294985999512779500305662468608594
13565554079210287600397224058293369068199 27912662714424460083121860202249730593 7211141038650023287816591556923223713038 5460440627607740813340123310491019267811 5035721907658133645080777261382690307
13565554079210287600397224058293369068199 27912662714424460083121860202249730593 7211141038650023287816591556923223713038 9894300766376547758519527695791285496154 7101094086733664675754416103479267520
13565554079210287600397224058293369068199 27912662714424460083121860202249730593 7211141038650023287816591556923223713038 40073153745259867015770657136979073915 5792158958133642397756998001690385823
13565554079210287600397224058293369068199 27912662714424460083121860202249730593 7211141038650023287816591556923223713038 11647516299835788802063716814538447297366 6550038465556275995372913447984546204
13565554079210287600397224058293369068199 27912662714424460083121860202249730593 7211141038650023287816591556923223713038 7926567613665526258720841158453459503297 2157114752245494009581125323575518952
13565554079210287600397224058293369068199 27912662714424460083121860202249730593 7211141038650023287816591556923223713038 5806626221817272474801097634647740564418 14409655509825393129649555049726848373
13565554079210287600397224058293369068199 27912662714424460083121860202249730593 7211141038650023287816591556923223713038 3462111209578218634753203896539954729585 977393826601036282017876178907970953
13565554079210287600397224058293369068199 27912662714424460083121860202249730593 7211141038650023287816591556923223713038 5679177814028354515330236200455152006016 1041290978578696192521607083500312308
13565554079210287600397224058293369068199 27912662714424460083121860202249730593 7211141038650023287816591556923223713038 5021251378944234971412270932673552262705 12516436260834683742587012963673176912
13565554079210287600397224058293369068199 27912662714424460083121860202249730593 7211141038650023287816591556923223713038 12439922947129312297546514541220067772714 11761377328520635260198360286089256522
13565554079210287600397224058293369068199 27912662714424460083121860202249730593 7211141038650023287816591556923223713038 4954801854417683927197493920808277469095 7138518494478531403346996840638490132
13565554079210287600397224058293369068199 27912662714424460083121860202249730593 7211141038650023287816591556923223713038 9464719517492650750509464036246422559677 4279543706982910547469224888319820090
13565554079210287600397224058293369068199 27912662714424460083121860202249730593 7211141038650023287816591556923223713038 5880037532558874141570580687769050827538 18975275394338836142732340701657668396
13565554079210287600397224058293369068199 27912662714424460083121860202249730593 7211141038650023287816591556923223713038 2394280263052193742051259172199929427075 21065445443013210819101934506192903617
13565554079210287600397224058293369068199 27912662714424460083121860202249730593 7211141038650023287816591556923223713038 4132633670859217558052028990788850854269 20546636324373390791688010890622526793
13565554079210287600397224058293369068199 27912662714424460083121860202249730593 7211141038650023287816591556923223713038 10099453107402309350917890849873498555047 10927756516678866826672623325083877716
13565554079210287600397224058293369068199 27912662714424460083121860202249730593 7211141038650023287816591556923223713038 10662290695016063319061281530606432868739 26244509565774558256171772036914152669
13565554079210287600397224058293369068199 27912662714424460083121860202249730593 7211141038650023287816591556923223713038 9057494272116482314721939110668069125657 1140633410051171202131450215332453827
13565554079210287600397224058293369068199 27912662714424460083121860202249730593 7211141038650023287816591556923223713038 315337483011895376565604236225912916275 24762852529444842063293478941326841697
13565554079210287600397224058293369068199 27912662714424460083121860202249730593 7211141038650023287816591556923223713038 10580387568042112697406349409309441022108 24677092569964116213582654450119033496
13565554079210287600397224058293369068199 27912662714424460083121860202249730593 7211141038650023287816591556923223713038 2447005397930968085907956535593208492731 21369369776125336441088235249101161832
13565554079210287600397224058293369068199 27912662714424460083121860202249730593 7211141038650023287816591556923223713038 10923610267994144103352962883536040146418 3195110364141269501495142485324434543
13565554079210287600397224058293369068199 27912662714424460083121860202249730593 7211141038650023287816591556923223713038 13465795262641222774700782381058621550712 2354628495909941915004692146331847405
13565554079210287600397224058293369068199 27912662714424460083121860202249730593 7211141038650023287816591556923223713038 9739988469471992768835979816087289200362 1433184649821640521901978612898301845
13565554079210287600397224058293369068199 27912662714424460083121860202249730593 7211141038650023287816591556923223713038 8501594567522376241581988641092822594062 10431831249946054010579086591210167162
13565554079210287600397224058293369068199 27912662714424460083121860202249730593 7211141038650023287816591556923223713038 4515266160657882403310320512498367602051 1101074842852048383221890316208068113
13565554079210287600397224058293369068199 27912662714424460083121860202249730593 7211141038650023287816591556923223713038 6147022695201847933052004392437882660683 3124769717133851853934403898767436897
13565554079210287600397224058293369068199 27912662714424460083121860202249730593 7211141038650023287816591556923223713038 1000679770477862281971578839417615237994 1213874784046516331509542476268172155
13565554079210287600397224058293369068199 27912662714424460083121860202249730593 7211141038650023287816591556923223713038 782816688104205830176037260651510851394 9365673868598677329396655758811445706
13565554079210287600397224058293369068199 27912662714424460083121860202249730593 7211141038650023287816591556923223713038 12600274185077762603246840944862959558150 16145458813739325087296984751112197652
13565554079210287600397224058293369068199 27912662714424460083121860202249730593 7211141038650023287816591556923223713038 12879891474469760796570617632709045640924 18926882796294375660030068825566147641
13565554079210287600397224058293369068199 27912662714424460083121860202249730593 7211141038650023287816591556923223713038 9877039872171461496921402710330075389492 13772352749313940882627739789366039034
13565554079210287600397224058293369068199 27912662714424460083121860202249730593 7211141038650023287816591556923223713038 4314633189533657218125602223600321738962 12716353642627107290232954037275298267
13565554079210287600397224058293369068199 27912662714424460083121860202249730593 7211141038650023287816591556923223713038 4113283761573063284823479527588337365931 14810592298040603758302190651964647918
13565554079210287600397224058293369068199 27912662714424460083121860202249730593 7211141038650023287816591556923223713038 6698549799570994629907968910737058401454 6398950422794079038529242556848124522
13565554079210287600397224058293369068199 27912662714424460083121860202249730593 7211141038650023287816591556923223713038 11330782154752221117860317977823723292052 23263987355324941432023598690277021404
13565554079210287600397224058293369068199 27912662714424460083121860202249730593 7211141038650023287816591556923223713038 6287510378070621863658902750855548942874 23811938677824073938791078685325518145
13565554079210287600397224058293369068199 27912662714424460083121860202249730593 7211141038650023287816591556923223713038 11946652372666465227755460988368888078120 24052444189521037019875962307722214212
13565554079210287600397224058293369068199 27912662714424460083121860202249730593 7211141038650023287816591556923223713038 7519730258381807454262992201598186610539 24548734194768209480394233993883260397
13565554079210287600397224058293369068199 27912662714424460083121860202249730593 7211141038650023287816591556923223713038 13321365895775802218154079471254463971298 15794168780685687225391014248419162261
13565554079210287600397224058293369068199 27912662714424460083121860202249730593 7211141038650023287816591556923223713038 12154113710676355733059238791065352462840 18175055345339851127695590624315215973
13565554079210287600397224058293369068199 27912662714424460083121860202249730593 7211141038650023287816591556923223713038 5617512114292584096473789587715190491058 11503766525650870095502494702713706104
13565554079210287600397224058293369068199 27912662714424460083121860202249730593 7211141038650023287816591556923223713038 858432751744104859679671955922935861507 12377245689916767687385110104009217867
13565554079210287600397224058293369068199 27912662714424460083121860202249730593 7211141038650023287816591556923223713038 12699273828243284963937048189381778227062 17889551355138193794882923120883463737
13565554079210287600397224058293369068199 27912662714424460083121860202249730593 7211141038650023287816591556923223713038 7870902470300267490802973543763892124548 15211208640309098401883463258796120455
13565554079210287600397224058293369068199 27912662714424460083121860202249730593 7211141038650023287816591556923223713038 12954719969294678039577158530141903575214 14809051847168160638990081969027842947
13565554079210287600397224058293369068199 27912662714424460083121860202249730593 7211141038650023287816591556923223713038 3245413080986630147085947374716654637510 17384823565617149592971414821847167656
13565554079210287600397224058293369068199 27912662714424460083121860202249730593 7211141038650023287816591556923223713038 1619360221354920059335523400287248180316 1022504058601093198805192254860255242
13565554079210287600397224058293369068199 27912662714424460083121860202249730593 7211141038650023287816591556923223713038 5094852897581374836524016823784208422859 3933052650786455276053855294131970087
13565554079210287600397224058293369068199 27912662714424460083121860202249730593 7211141038650023287816591556923223713038 888359486331357576391849762775509648900 21381258261003420662267591407235317770
13565554079210287600397224058293369068199 27912662714424460083121860202249730593 7211141038650023287816591556923223713038 13295240558647029843813098667303283545768 16570937200348271978473078634532927035
13565554079210287600397224058293369068199 27912662714424460083121860202249730593 7211141038650023287816591556923223713038 8214600613557931701736678946124993639623 4916679466723002792091175885266337487
13565554079210287600397224058293369068199 27912662714424460083121860202249730593 7211141038650023287816591556923223713038 11947325476208852812433958524167231969762 22223010257467625584647511789491448171
13565554079210287600397224058293369068199 27912662714424460083121860202249730593 7211141038650023287816591556923223713038 83646764409080788856079640520551162479 19306292689591009602080182193110732281
13565554079210287600397224058293369068199 27912662714424460083121860202249730593 7211141038650023287816591556923223713038 7526687213712510070167784596288871227232 12913238619477659831753298665625961777
13565554079210287600397224058293369068199 27912662714424460083121860202249730593 7211141038650023287816591556923223713038 6507772806222948636971892237304164325449 19568440686006163691589745831539156402
13565554079210287600397224058293369068199 27912662714424460083121860202249730593 7211141038650023287816591556923223713038 13340951563239064106471490639655409319467 17602025859105965023626732769675992139
13565554079210287600397224058293369068199 27912662714424460083121860202249730593 7211141038650023287816591556923223713038 6402183351367665769266401969474356028345 13780056870244395579480245705923947535
13565554079210287600397224058293369068199 27912662714424460083121860202249730593 7211141038650023287816591556923223713038 10821799287645454121045052521964607846097 666194884306790304914041836050300297
13565554079210287600397224058293369068199 27912662714424460083121860202249730593 7211141038650023287816591556923223713038 4239108349399883940372537374037078657445 16871715191006062854351386949982577500
13565554079210287600397224058293369068199 27912662714424460083121860202249730593 7211141038650023287816591556923223713038 1015073496063393876877400492524408905134 17893404503051539062009779365612135304
13565554079210287600397224058293369068199 27912662714424460083121860202249730593 7211141038650023287816591556923223713038 2271757052511170260471414307193587154832 12905649222437982917996391759967331872
13565554079210287600397224058293369068199 27912662714424460083121860202249730593 7211141038650023287816591556923223713038 5477491884232151220876065381390414051649 5283663710363098879989318516939172581
13565554079210287600397224058293369068199 27912662714424460083121860202249730593 7211141038650023287816591556923223713038 11211824209815587671946247026536272930918 12759831603377900274134837532141083958
13565554079210287600397224058293369068199 27912662714424460083121860202249730593 7211141038650023287816591556923223713038 9412031154002592407812782786677455342898 7564612636010118591437593900871448889
13565554079210287600397224058293369068199 27912662714424460083121860202249730593 7211141038650023287816591556923223713038 9246652530580299494216595032157533891389 18232913371599672027231575588029067720
13565554079210287600397224058293369068199 27912662714424460083121860202249730593 7211141038650023287816591556923223713038 11657881489595404039478738372543564797834 13451311647266105226966008644486239755
13565554079210287600397224058293369068199 27912662714424460083121860202249730593 7211141038650023287816591556923223713038 6706042993217907485180508803110760241531 18512257379995325752362566487380605281
13565554079210287600397224058293369068199 27912662714424460083121860202249730593 7211141038650023287816591556923223713038 2540120963593454660771026297903152897429 7093356664841259013904670952288071168
13565554079210287600397224058293369068199 27912662714424460083121860202249730593 7211141038650023287816591556923223713038 1170863329117466016139840283018020913359 22460112255962571651239719353552672893
13565554079210287600397224058293369068199 27912662714424460083121860202249730593 7211141038650023287816591556923223713038 7477964399146973793299348254948922259910 15711140714429115888097931695298098060
13565554079210287600397224058293369068199 27912662714424460083121860202249730593 7211141038650023287816591556923223713038 11817972359590225273997004854598524114227 22132806208705323908420404573802852690
13565554079210287600397224058293369068199 27912662714424460083121860202249730593 7211141038650023287816591556923223713038 10496924033415587514011416439641968418357 7693293545579120379949200769385813530
13565554079210287600397224058293369068199 27912662714424460083121860202249730593 7211141038650023287816591556923223713038 12467819691798418829586472715531851849436 11294429547218569757789322030486565686
13565554079210287600397224058293369068199 27912662714424460083121860202249730593 7211141038650023287816591556923223713038 3142467994057828581994897074633464025481 1006389904619148591323847130852143157
13565554079210287600397224058293369068199 27912662714424460083121860202249730593 7211141038650023287816591556923223713038 9028846565564633753944676614654491964301 12734361468778809237195576907527494248
13565554079210287600397224058293369068199 27912662714424460083121860202249730593 7211141038650023287816591556923223713038 1153949362081485645959977614836262573065 23712440927838593066539274605745067005
13565554079210287600397224058293369068199 27912662714424460083121860202249730593 7211141038650023287816591556923223713038 3680223796154256940641909615457038832233 13548287970749919498824278749960391919
13565554079210287600397224058293369068199 27912662714424460083121860202249730593 7211141038650023287816591556923223713038 12043123185541596846524517404525988743988 14205698874027033445628712278772951395
13565554079210287600397224058293369068199 27912662714424460083121860202249730593 7211141038650023287816591556923223713038 12925593684845976222284746849731495182401 230204438184480914921872187589277925
13565554079210287600397224058293369068199 27912662714424460083121860202249730593 7211141038650023287816591556923223713038 1774777848652335584881841026568958299030 22423654588284417526832604566258449627
13565554079210287600397224058293369068199 27912662714424460083121860202249730593 7211141038650023287816591556923223713038 10775649961705251332284701412065954207407 9364085690824553532908661970600711107
13565554079210287600397224058293369068199 27912662714424460083121860202249730593 7211141038650023287816591556923223713038 12436023953861789424970220209422100346485 15298594015721357216082092794846313416
13565554079210287600397224058293369068199 27912662714424460083121860202249730593 7211141038650023287816591556923223713038 5884671567603667113234702498692391226321 10498737017724256279286340823327817327
13565554079210287600397224058293369068199 27912662714424460083121860202249730593 7211141038650023287816591556923223713038 5654872400237409715826314479566865397407 21553500491689848898155957393923222125
13565554079210287600397224058293369068199 27912662714424460083121860202249730593 7211141038650023287816591556923223713038 1833743175503996562397813063209672412893 118099998217750717825969799785628083
13565554079210287600397224058293369068199 27912662714424460083121860202249730593 7211141038650023287816591556923223713038 12030099073015956647277076378148793175269 14305168249042892126338481578037342937
13565554079210287600397224058293369068199 27912662714424460083121860202249730593 7211141038650023287816591556923223713038 444812796376298712395079506757705722617 18479525579377919072934329334291916843
13565554079210287600397224058293369068199 27912662714424460083121860202249730593 7211141038650023287816591556923223713038 11832699492835367384155927130583795247381 21526396192566316122916914661074455731
13565554079210287600397224058293369068199 27912662714424460083121860202249730593 7211141038650023287816591556923223713038 8043903688120004531836128278684837816598 13725680228411493046079232131911447591
13565554079210287600397224058293369068199 27912662714424460083121860202249730593 7211141038650023287816591556923223713038 1330158421618686870880387276505068851135 20881301814565097124755681275925647869
13565554079210287600397224058293369068199 27912662714424460083121860202249730593 7211141038650023287816591556923223713038 8013255308120926003027400891686719836818 22226877950816192191146549628045151026
148054045461257928491607422438550996397417 685435395653971891164849177956254612951 14434402092490426249421753554235261563921 37345894154832648887231039794811082325777 482009211465349513334011857840455224758
148054045461257928491607422438550996397417 685435395653971891164849177956254612951 14434402092490426249421753554235261563921 87475810918047407682983857784942038234873 424550240880930414457969768016662756976
148054045461257928491607422438550996397417 685435395653971891164849177956254612951 14434402092490426249421753554235261563921 94244285439756602985788683589084004076544 66753305411700563327964307397002749760
148054045461257928491607422438550996397417 685435395653971891164849177956254612951 14434402092490426249421753554235261563921 25242854999089706733619773996174819559578 361194329340832011959422393942663318556
148054045461257928491607422438550996397417 685435395653971891164849177956254612951 14434402092490426249421753554235261563921 89259466551186695336348476475714438967830 266239236410795743116012877333020371112
148054045461257928491607422438550996397417 685435395653971891164849177956254612951 14434402092490426249421753554235261563921 7410846068833488253393912830168273080564 339651040320075375629931335469162436500
148054045461257928491607422438550996397417 685435395653971891164849177956254612951 14434402092490426249421753554235261563921 89114557630253375673852701575580133779484 585648239367075099758588093426477036648
148054045461257928491607422438550996397417 685435395653971891164849177956254612951 14434402092490426249421753554235261563921 30205295447428530443043466818821612390896 585093710722018312802850211014054476273
148054045461257928491607422438550996397417 685435395653971891164849177956254612951 14434402092490426249421753554235261563921 83734987757901893629044844246683808657853 187057286789182089784809749891645546328
148054045461257928491607422438550996397417 685435395653971891164849177956254612951 14434402092490426249421753554235261563921 76927360499865815559137477634162965210150 356057262338542467004786401550368307831
148054045461257928491607422438550996397417 685435395653971891164849177956254612951 14434402092490426249421753554235261563921 64703152729416499205198796916712638465185 157181106258807733099498687515652523063
148054045461257928491607422438550996397417 685435395653971891164849177956254612951 14434402092490426249421753554235261563921 55433942048849560312012843496492752508992 122195628251405341696946008071609268130
148054045461257928491607422438550996397417 685435395653971891164849177956254612951 14434402092490426249421753554235261563921 88291736638506441598011861097346661271698 272201195449334178470058015612549605083
148054045461257928491607422438550996397417 685435395653971891164849177956254612951 14434402092490426249421753554235261563921 43265526352458252546599092927929557725583 225334597179967462384786310211456173242
148054045461257928491607422438550996397417 685435395653971891164849177956254612951 14434402092490426249421753554235261563921 92357997690488014939733963771569432601374 549479615115601536142302536744174459383
148054045461257928491607422438550996397417 685435395653971891164849177956254612951 14434402092490426249421753554235261563921 123918862552889428595940363937162992815976 442878652773485277745580407081742307386
148054045461257928491607422438550996397417 685435395653971891164849177956254612951 14434402092490426249421753554235261563921 123441995176654471258454173663472710657321 203710227303052614302973173463430643605
148054045461257928491607422438550996397417 685435395653971891164849177956254612951 14434402092490426249421753554235261563921 141457718105295498335566277718657988545954 412310135543946175118639210086711682815
148054045461257928491607422438550996397417 685435395653971891164849177956254612951 14434402092490426249421753554235261563921 116765628871051310243764433589441414344383 452914755550499061369036125922719435830
148054045461257928491607422438550996397417 685435395653971891164849177956254612951 14434402092490426249421753554235261563921 31743720702852111899184109064952068585398 86173644136506366376460092564036680045
148054045461257928491607422438550996397417 685435395653971891164849177956254612951 14434402092490426249421753554235261563921 135142192216802408333927653299429035171929 204367124462615649757676539573878484320
148054045461257928491607422438550996397417 685435395653971891164849177956254612951 14434402092490426249421753554235261563921 56194905808503852425050322901726012671371 662140564364683839974308100573434775038
148054045461257928491607422438550996397417 685435395653971891164849177956254612951 14434402092490426249421753554235261563921 56773139262320943005189830352920770122927 367725743098823038603993907122771014947
148054045461257928491607422438550996397417 685435395653971891164849177956254612951 14434402092490426249421753554235261563921 145818660015077168586869396436720090713401 272061176858790883671826099851669383348
148054045461257928491607422438550996397417 685435395653971891164849177956254612951 14434402092490426249421753554235261563921 9612656257672375996809823306749062880326 10529091261697274847268655638387189966
148054045461257928491607422438550996397417 685435395653971891164849177956254612951 14434402092490426249421753554235261563921 64248407013843085820401574467822286499931 129562639335767732100283771966402926720
148054045461257928491607422438550996397417 685435395653971891164849177956254612951 14434402092490426249421753554235261563921 35737702182711905912005036430440213730149 46603771649241986033170191976015632357
148054045461257928491607422438550996397417 685435395653971891164849177956254612951 14434402092490426249421753554235261563921 102993157982107338411357134511700828330772 201112735574542496939349145993757658986
148054045461257928491607422438550996397417 685435395653971891164849177956254612951 14434402092490426249421753554235261563921 137626426061982545220252847645605244199364 101369367063957457190731351554455418040
148054045461257928491607422438550996397417 685435395653971891164849177956254612951 14434402092490426249421753554235261563921 114035558642343929053479467862219297028924 279905110804607412521101232024186938641
148054045461257928491607422438550996397417 685435395653971891164849177956254612951 14434402092490426249421753554235261563921 130862509371052907795661586524795831555193 434294788530744173473075478693287033180
148054045461257928491607422438550996397417 685435395653971891164849177956254612951 14434402092490426249421753554235261563921 107938041025836338037941591773263323635811 292007945345764516943274844289733920951
148054045461257928491607422438550996397417 685435395653971891164849177956254612951 14434402092490426249421753554235261563921 47164002437910299257786380497922540086202 533735346079071874101787453683693368079
148054045461257928491607422438550996397417 685435395653971891164849177956254612951 14434402092490426249421753554235261563921 101820282433142350704387827960842904789349 610719859669401019019133089803470405675
148054045461257928491607422438550996397417 685435395653971891164849177956254612951 14434402092490426249421753554235261563921 102129574105227927127797963888477281763741 68523721352836534017303616605059611200
148054045461257928491607422438550996397417 685435395653971891164849177956254612951 14434402092490426249421753554235261563921 43171725109991071512044594604338372512418 500005409917738129972303352006702489671
148054045461257928491607422438550996397417 685435395653971891164849177956254612951 14434402092490426249421753554235261563921 39940352717094767129413257958668361435043 102995299133216722843750133270539733752
148054045461257928491607422438550996397417 685435395653971891164849177956254612951 14434402092490426249421753554235261563921 120357930413500349836497686008429361915861 517757502931982466825295312087553943536
148054045461257928491607422438550996397417 685435395653971891164849177956254612951 14434402092490426249421753554235261563921 2395463758041301874412571004223345354778 609670476697578029464836198588763286390
148054045461257928491607422438550996397417 685435395653971891164849177956254612951 14434402092490426249421753554235261563921 90062870933422859237383322254655529002977 149218140463394942751571655517860641678
148054045461257928491607422438550996397417 685435395653971891164849177956254612951 14434402092490426249421753554235261563921 13831475252504959452619073549033152053302 541800325378340445385338082671937473269
148054045461257928491607422438550996397417 685435395653971891164849177956254612951 14434402092490426249421753554235261563921 129929464703912414721804792019122991704222 198326859110358528755497332697002246904
148054045461257928491607422438550996397417 685435395653971891164849177956254612951 14434402092490426249421753554235261563921 118504627829019607332509965521149221004015 374876820301063580681856068745607914201
148054045461257928491607422438550996397417 685435395653971891164849177956254612951 14434402092490426249421753554235261563921 62367123686070300623807195713597933015318 465132923116893801686797575613478637558
148054045461257928491607422438550996397417 685435395653971891164849177956254612951 14434402092490426249421753554235261563921 49203416289030213402441510674719063768049 390857637746440597605512866488482899454
148054045461257928491607422438550996397417 685435395653971891164849177956254612951 14434402092490426249421753554235261563921 100673078435723167400938664165000816877099 429730380991983653937776756305055811279
148054045461257928491607422438550996397417 685435395653971891164849177956254612951 14434402092490426249421753554235261563921 65165456985453882874607751083804415373065 48616673342349770022146071569617120608
148054045461257928491607422438550996397417 685435395653971891164849177956254612951 14434402092490426249421753554235261563921 118002888578946492036590127484106631021548 622701739200751073557138289775787896608
148054045461257928491607422438550996397417 685435395653971891164849177956254612951 14434402092490426249421753554235261563921 144577825913579453881772811239229415457156 475975557042658646580707735629563327561
148054045461257928491607422438550996397417 685435395653971891164849177956254612951 14434402092490426249421753554235261563921 40454407106604889812880422357994073349009 549567468628533212744952551870773499614
148054045461257928491607422438550996397417 685435395653971891164849177956254612951 14434402092490426249421753554235261563921 59443336899777042460567721536928072469395 276664307384106067052081760865831582222
148054045461257928491607422438550996397417 685435395653971891164849177956254612951 14434402092490426249421753554235261563921 39119396077039772496513764131055040165090 186236053784645448846937264943382928183
148054045461257928491607422438550996397417 685435395653971891164849177956254612951 14434402092490426249421753554235261563921 119616810080260888014376636560643072470982 563080284661369020551957670637811167766
148054045461257928491607422438550996397417 685435395653971891164849177956254612951 14434402092490426249421753554235261563921 97968337038140000751341461805808465928457 118812523445172540066042363175499921081
148054045461257928491607422438550996397417 685435395653971891164849177956254612951 14434402092490426249421753554235261563921 41549905231353519303437030077249652102188 590128288810059974145648418305440515113
148054045461257928491607422438550996397417 685435395653971891164849177956254612951 14434402092490426249421753554235261563921 89565927595952042911163407300671001179227 679674804953408642334177553059615421784
148054045461257928491607422438550996397417 685435395653971891164849177956254612951 14434402092490426249421753554235261563921 18407258725798317113032750756475029936824 497842303901638446617374546895630741786
148054045461257928491607422438550996397417 685435395653971891164849177956254612951 14434402092490426249421753554235261563921 28092914782137714177548850138962159751110 30530077092971936300618577226629782114
148054045461257928491607422438550996397417 685435395653971891164849177956254612951 14434402092490426249421753554235261563921 17550487932571759928560911494751969115295 48626276213685075741632025393243720499
148054045461257928491607422438550996397417 685435395653971891164849177956254612951 14434402092490426249421753554235261563921 82922947197136219645288269083396562766633 284741824980397240679715289213334669202
148054045461257928491607422438550996397417 685435395653971891164849177956254612951 14434402092490426249421753554235261563921 124503327380453744455318594691178560799 270005357315601634929254826525284126767
148054045461257928491607422438550996397417 685435395653971891164849177956254612951 14434402092490426249421753554235261563921 8947549500006012736230798410399789464159 360623237783863069862116804034745994869
148054045461257928491607422438550996397417 685435395653971891164849177956254612951 14434402092490426249421753554235261563921 26392003221870850002452115795389884792394 267871712699900898875016138926883068288
148054045461257928491607422438550996397417 685435395653971891164849177956254612951 14434402092490426249421753554235261563921 109777776646432293795635870223024845742103 436013225647703977292569256842806057548
148054045461257928491607422438550996397417 685435395653971891164849177956254612951 14434402092490426249421753554235261563921 52804818156889770606842110622720966358867 304399003191122664985013524628727839477
148054045461257928491607422438550996397417 685435395653971891164849177956254612951 14434402092490426249421753554235261563921 58959598312902619804204156288631449667246 564229622306206873590611844235240479629
148054045461257928491607422438550996397417 685435395653971891164849177956254612951 14434402092490426249421753554235261563921 16510545337036094901695508272143591017163 349073706812687392336135420174896386207
148054045461257928491607422438550996397417 685435395653971891164849177956254612951 14434402092490426249421753554235261563921 141541674632266744042714776170657408929440 354721524065999683262849450320908660393
148054045461257928491607422438550996397417 685435395653971891164849177956254612951 14434402092490426249421753554235261563921 134357581669795648304663268153419802561045 642688359997892380330550305487615648125
148054045461257928491607422438550996397417 685435395653971891164849177956254612951 14434402092490426249421753554235261563921 117482868698064216985090858395121104072177 534239615939153315149672429692967120815
148054045461257928491607422438550996397417 685435395653971891164849177956254612951 14434402092490426249421753554235261563921 79942958968651988665071508373305465859216 273825481052096449957245903454758181488
148054045461257928491607422438550996397417 685435395653971891164849177956254612951 14434402092490426249421753554235261563921 39309751192833387932639430426637479841364 523641190825862089005145753156908908831
148054045461257928491607422438550996397417 685435395653971891164849177956254612951 14434402092490426249421753554235261563921 109986260222174523273346925121023385931553 286565677374454670580316722113026777695
148054045461257928491607422438550996397417 685435395653971891164849177956254612951 14434402092490426249421753554235261563921 90755928160872013090187731263913515527139 615476506138035743704018887544640780446
148054045461257928491607422438550996397417 685435395653971891164849177956254612951 14434402092490426249421753554235261563921 32033748043374822310970866138088462653419 306393542906336149727540275614104956137
148054045461257928491607422438550996397417 685435395653971891164849177956254612951 14434402092490426249421753554235261563921 89356109997977007461763506065459995181483 386741589738532121382681669508478179453
148054045461257928491607422438550996397417 685435395653971891164849177956254612951 14434402092490426249421753554235261563921 94195577394208972966932703969509219078011 389528667504465482117891566447025233855
148054045461257928491607422438550996397417 685435395653971891164849177956254612951 14434402092490426249421753554235261563921 70328119298882238175451958290918461019781 576940359403267100176758903347031063727
148054045461257928491607422438550996397417 685435395653971891164849177956254612951 14434402092490426249421753554235261563921 86386509063051265252089498744963193575304 471234864823076279965838609951338190328
148054045461257928491607422438550996397417 685435395653971891164849177956254612951 14434402092490426249421753554235261563921 136690577626689756590206811115726306128296 594876305552489076511589375061361197851
148054045461257928491607422438550996397417 685435395653971891164849177956254612951 14434402092490426249421753554235261563921 13825212651257874040418941443924091851266 24406678006470491695526893543176588451
148054045461257928491607422438550996397417 685435395653971891164849177956254612951 14434402092490426249421753554235261563921 79946600599937445518948162190595761349668 662566014079142686323853038677301059299
148054045461257928491607422438550996397417 685435395653971891164849177956254612951 14434402092490426249421753554235261563921 137695842122234299620158063267568511644868 485075451788047071104116981513982040606
148054045461257928491607422438550996397417 685435395653971891164849177956254612951 14434402092490426249421753554235261563921 1912212098965028205865630152597885656449 238044387651234783015051076542919038662
148054045461257928491607422438550996397417 685435395653971891164849177956254612951 14434402092490426249421753554235261563921 39415931247561101943539211089386683844741 182780710173088666099560210454022053250
148054045461257928491607422438550996397417 685435395653971891164849177956254612951 14434402092490426249421753554235261563921 130741598452529033930651096125907360219385 673560764923581544513605127278807063518
148054045461257928491607422438550996397417 685435395653971891164849177956254612951 14434402092490426249421753554235261563921 105955999635437199265068758029379389044929 118583744347773618698002539407490606968
148054045461257928491607422438550996397417 685435395653971891164849177956254612951 14434402092490426249421753554235261563921 45602685919343220304555534129794641735767 102174826014052026021521965087001222174
148054045461257928491607422438550996397417 685435395653971891164849177956254612951 14434402092490426249421753554235261563921 63516484570081194928384566270313918299732 107101456295417280317220531596742227216
148054045461257928491607422438550996397417 685435395653971891164849177956254612951 14434402092490426249421753554235261563921 55747512634983628553906688468702313152528 291342658962603748334314947594229697952
148054045461257928491607422438550996397417 685435395653971891164849177956254612951 14434402092490426249421753554235261563921 54062565213628458618341766057900810417834 274855773277813470734573490468549665236
148054045461257928491607422438550996397417 685435395653971891164849177956254612951 14434402092490426249421753554235261563921 66587077154087349897008354373888671065308 28066400277130911145414401840334268128
148054045461257928491607422438550996397417 685435395653971891164849177956254612951 14434402092490426249421753554235261563921 109589196396085787745948793709019089204341 411410998441237227054952027718860989962
148054045461257928491607422438550996397417 685435395653971891164849177956254612951 14434402092490426249421753554235261563921 105964707598924072756078996112261336998909 443413334876833179891444369727698370713
148054045461257928491607422438550996397417 685435395653971891164849177956254612951 14434402092490426249421753554235261563921 127277395337799651429040080331352683792141 31690855055834729225375779149002256413
148054045461257928491607422438550996397417 685435395653971891164849177956254612951 14434402092490426249421753554235261563921 63227870580188049745368317719721282554752 630900512687547481197819310457369067712
148054045461257928491607422438550996397417 685435395653971891164849177956254612951 14434402092490426249421753554235261563921 147930254013916655809408459212567068811796 433932389771570186725270639696138803872
148054045461257928491607422438550996397417 685435395653971891164849177956254612951 14434402092490426249421753554235261563921 22917083375255543901966544036556056180365 66815456172074107064266415878092257372
148054045461257928491607422438550996397417 685435395653971891164849177956254612951 14434402092490426249421753554235261563921 126137222839813331728336895809438744937302 179549468553226070523292116106184306488
148054045461257928491607422438550996397417 685435395653971891164849177956254612951 14434402092490426249421753554235261563921 17943494403249918897228024912601205839444 288096518841341446587737419752056820593
