# TODO : regénérer ce fichier
46795003 7799167 64 29184470 23 20730
46795003 7799167 64 32026729 19833 8307
46795003 7799167 64 42276326 886352 10557
46795003 7799167 64 20303219 845104 21804
46795003 7799167 64 33569112 940887 18015
46795003 7799167 64 41518528 848510 5106
46795003 7799167 64 20315320 193295 3852
46795003 7799167 64 22568203 144320 5496
46795003 7799167 64 3880293 84553 6837
46795003 7799167 64 13187450 948644 3516
46795003 7799167 64 6875611 358224 5184
46795003 7799167 64 9013925 725349 7284
46795003 7799167 64 42069378 823720 20559
46795003 7799167 64 29154326 175363 8841
46795003 7799167 64 29646004 760769 5247
46795003 7799167 64 19759263 482501 13029
46795003 7799167 64 27031488 415924 4512
46795003 7799167 64 392043 330821 25188
46795003 7799167 64 34909824 115457 8799
46795003 7799167 64 22470878 703892 8010
46795003 7799167 64 35669184 25588 3489
69627247 892657 30464401 23314127 194275 5094
69627247 892657 30464401 52158469 460540 2814
69627247 892657 30464401 49123409 555016 9900
69627247 892657 30464401 24768255 565444 4569
69627247 892657 30464401 23888644 17313 3834
69627247 892657 30464401 11372319 261454 2628
69627247 892657 30464401 11370905 135169 2550
69627247 892657 30464401 27278159 173683 6939
69627247 892657 30464401 60916206 514324 4944
69627247 892657 30464401 61274226 412108 2973
69627247 892657 30464401 55527277 767591 3933
69627247 892657 30464401 69319039 48397 4146
69627247 892657 30464401 64957346 636957 8148
69627247 892657 30464401 1211554 343529 1221
69627247 892657 30464401 2901843 543453 4044
69627247 892657 30464401 14983718 665110 1353
69627247 892657 30464401 43739016 633389 1236
69627247 892657 30464401 67587235 220581 3060
69627247 892657 30464401 54324633 110534 5580
69627247 892657 30464401 60841030 323657 3876
69627247 892657 30464401 17641186 754328 5166
69627247 892657 30464401 26679369 18373 4956
69627247 892657 30464401 44527083 500420 3843
69627247 892657 30464401 14830859 697891 1548
69627247 892657 30464401 21492532 331810 2661
69627247 892657 30464401 52421571 881355 6300
69627247 892657 30464401 58124879 714013 3807
69627247 892657 30464401 65086016 284313 3855
69627247 892657 30464401 28420258 192116 5010
69627247 892657 30464401 7913407 200451 2787
69627247 892657 30464401 54317409 537705 2742
69627247 892657 30464401 44267972 824809 4200
69627247 892657 30464401 59116795 783489 2385
69627247 892657 30464401 15571887 10766 2286
69627247 892657 30464401 41477276 604069 5103
69627247 892657 30464401 44657717 650128 2970
69627247 892657 30464401 2782348 665445 4542
69627247 892657 30464401 53220009 587131 2340
69627247 892657 30464401 65992841 723993 10299
69627247 892657 30464401 22035451 222747 1308
69627247 892657 30464401 7656421 805564 2034
69627247 892657 30464401 46352118 501470 2868
69627247 892657 30464401 21232056 845100 3552
69627247 892657 30464401 5301548 786763 2052
69627247 892657 30464401 749142 25128 10545
69627247 892657 30464401 42281726 374802 1914
69627247 892657 30464401 4975416 165403 4962
69627247 892657 30464401 40528293 141587 5190
69627247 892657 30464401 8900016 217445 4062
69627247 892657 30464401 36456311 840604 1533
69627247 892657 30464401 6585858 795079 3114
69627247 892657 30464401 34917293 660651 2037
69627247 892657 30464401 22654152 191626 1062
69627247 892657 30464401 40320404 64919 1938
69627247 892657 30464401 49662578 293929 3456
69627247 892657 30464401 17666534 311125 3366
69627247 892657 30464401 64663848 269351 1212
69627247 892657 30464401 28543417 767696 4005
69627247 892657 30464401 61958494 791081 2520
69627247 892657 30464401 39540115 483897 2574
69627247 892657 30464401 53587463 288625 3192
69627247 892657 30464401 36343690 395874 6360
69627247 892657 30464401 68654106 262212 5004
69627247 892657 30464401 21218295 445618 5187
69627247 892657 30464401 15988304 648759 3831
69627247 892657 30464401 53932888 15987 3984
69627247 892657 30464401 9444440 119220 5484
69627247 892657 30464401 24338403 94784 2502
69627247 892657 30464401 35231443 435841 4185
69627247 892657 30464401 42923536 752137 747
69627247 892657 30464401 18441794 866628 2151
69627247 892657 30464401 47970527 147217 2520
69627247 892657 30464401 68177288 456985 6948
69627247 892657 30464401 22866206 466699 7746
69627247 892657 30464401 23727414 169051 6105
69627247 892657 30464401 65616102 640658 3084
69627247 892657 30464401 36772271 726809 6132
69627247 892657 30464401 24443577 592644 6792
69627247 892657 30464401 56752282 686406 5280
69627247 892657 30464401 25590345 630140 7956
69627247 892657 30464401 4478318 327011 2145
69627247 892657 30464401 52258949 879229 1332
69627247 892657 30464401 6122602 523964 831
69627247 892657 30464401 27002551 653918 6318
69627247 892657 30464401 43820921 138536 3702
69627247 892657 30464401 28689987 373077 2913
69627247 892657 30464401 27808493 667289 1278
69627247 892657 30464401 19316584 337992 3207
69627247 892657 30464401 11756737 825211 5517
69627247 892657 30464401 45296408 792946 1443
69627247 892657 30464401 62021613 680813 4770
69627247 892657 30464401 13025579 447373 816
69627247 892657 30464401 48167765 870629 5106
69627247 892657 30464401 4957414 134769 498
69627247 892657 30464401 46950816 315604 2484
69627247 892657 30464401 45971430 219750 3936
69627247 892657 30464401 46833302 697291 990
69627247 892657 30464401 62419570 153338 6003
69627247 892657 30464401 49590977 445525 1617
69627247 892657 30464401 48573182 712326 5208
123654389 216179 89865285 76377414 130860 612
123654389 216179 89865285 73755420 49311 1449
123654389 216179 89865285 11980 76751 1350
123654389 216179 89865285 33861917 16736 2184
123654389 216179 89865285 46907968 197329 1686
123654389 216179 89865285 53392324 174289 498
123654389 216179 89865285 114089861 154714 2124
123654389 216179 89865285 14198167 62935 150
123654389 216179 89865285 47541105 191346 1020
123654389 216179 89865285 17659532 11710 969
123654389 216179 89865285 672053 123197 1053
123654389 216179 89865285 86151717 130395 1476
123654389 216179 89865285 52988480 110287 1902
123654389 216179 89865285 114426533 72973 6075
123654389 216179 89865285 44734882 178528 1704
123654389 216179 89865285 61985026 134408 2124
123654389 216179 89865285 92983084 110325 1890
123654389 216179 89865285 3022496 180719 3078
123654389 216179 89865285 101335821 47359 1470
123654389 216179 89865285 55002784 66995 3186
123654389 216179 89865285 67260145 204507 180
123654389 216179 89865285 114276059 102251 1365
123654389 216179 89865285 31482548 722 978
123654389 216179 89865285 1813814 34110 942
123654389 216179 89865285 63973450 3136 429
123654389 216179 89865285 26505818 190718 7017
123654389 216179 89865285 113468183 137003 1470
123654389 216179 89865285 80418217 141793 1806
123654389 216179 89865285 702833 141041 3675
123654389 216179 89865285 102122061 87190 1476
123654389 216179 89865285 386101 204453 2592
123654389 216179 89865285 99675291 106517 1701
123654389 216179 89865285 105728224 131179 1926
123654389 216179 89865285 115412174 189897 447
123654389 216179 89865285 75850381 15067 3138
123654389 216179 89865285 106955255 196674 2379
123654389 216179 89865285 84881465 57020 1359
123654389 216179 89865285 56535958 58523 2502
123654389 216179 89865285 123071688 201804 714
123654389 216179 89865285 21442870 160137 801
123654389 216179 89865285 103003796 66692 2262
123654389 216179 89865285 55027522 100421 1824
123654389 216179 89865285 64378645 199682 828
123654389 216179 89865285 97539554 38119 918
123654389 216179 89865285 49897887 193800 693
123654389 216179 89865285 50623076 121337 3804
123654389 216179 89865285 74703901 19969 1566
123654389 216179 89865285 3010644 48816 3822
123654389 216179 89865285 28909239 193955 3348
123654389 216179 89865285 45051068 171707 2196
123654389 216179 89865285 30290418 120632 78
123654389 216179 89865285 8736137 111204 1824
123654389 216179 89865285 3489220 198046 1782
123654389 216179 89865285 49867607 154534 738
123654389 216179 89865285 83983503 103804 570
123654389 216179 89865285 5828577 6780 1020
123654389 216179 89865285 118581014 37597 1170
123654389 216179 89865285 73916113 67193 1008
123654389 216179 89865285 63912132 44176 2337
123654389 216179 89865285 120479680 134417 2658
123654389 216179 89865285 28343337 42895 1926
123654389 216179 89865285 49994459 147333 2109
123654389 216179 89865285 39304110 156598 2304
123654389 216179 89865285 18646082 27299 2748
123654389 216179 89865285 100118219 34431 1806
123654389 216179 89865285 43943872 97154 1800
123654389 216179 89865285 2305921 53478 1608
123654389 216179 89865285 2485671 17878 2520
123654389 216179 89865285 37048964 176930 1428
123654389 216179 89865285 83937470 163475 1611
123654389 216179 89865285 95808560 97695 1251
123654389 216179 89865285 23233615 100836 1191
123654389 216179 89865285 10512131 176840 3189
123654389 216179 89865285 84807986 63926 1791
123654389 216179 89865285 37283237 180823 546
123654389 216179 89865285 39910857 189919 2394
123654389 216179 89865285 122616313 93241 2100
123654389 216179 89865285 26927401 68771 2382
123654389 216179 89865285 66811533 187949 546
123654389 216179 89865285 95877975 199690 2634
123654389 216179 89865285 47199784 68694 4056
123654389 216179 89865285 122997268 54666 864
123654389 216179 89865285 76680586 193551 1416
123654389 216179 89865285 37305715 214199 3435
123654389 216179 89865285 60499613 38071 1566
123654389 216179 89865285 108134879 44703 975
123654389 216179 89865285 70007182 18274 1857
123654389 216179 89865285 73506723 98965 2790
123654389 216179 89865285 14424572 143811 1152
123654389 216179 89865285 97388613 11028 1662
123654389 216179 89865285 31627892 213479 1545
123654389 216179 89865285 21657269 116191 2895
123654389 216179 89865285 92144182 24712 1224
123654389 216179 89865285 96048872 166884 1050
123654389 216179 89865285 63691720 58287 1965
123654389 216179 89865285 9881709 167790 1632
123654389 216179 89865285 27614334 209477 1140
123654389 216179 89865285 50497838 65390 996
123654389 216179 89865285 16131170 178377 1440
123654389 216179 89865285 94289587 87039 3906
1956387581 377681 236132117 1520423298 181063 2493
5826924991 64743611 2679467304 1117856784 22105564 21195
703844346467 89161939 40410479304 478153177674 58453306 76140
447638863379 779858647 244441797382 79320984320 657921106 169380
447638863379 779858647 244441797382 376491450292 736379591 145566
17529633713399 468181019 6980194505480 5211334949131 268797082 171690
70813848602293 2058302773 20494194203748 37834098832838 1651531959 27819
480502319216537 760288479773 349999863226341 107433132453198 21811781081 3228483
486787140830897 647323325573 60190101376169 415908991144541 347355107841 934116
575684740069063 7380573590629 225979382638554 328302911957662 1539512831924 8500152
23950309097386219 3849294294019 14111438960764813 18733354606351858 2829285759733 6643296
17019253196235977 303915235647071 3980581252984028 14420826328061343 15659029988830 22533774
394688451481728997 57804401212907 275642213326760648 191533458744014593 47288358496258 14515215
205154403344872819 269231500452589 143295531780974556 42588551285861761 174894583236033 32770086
6842667747434407139 199996134548267 3733953318490817815 3800415385131962681 99213191430155 55779417
19938282048238888069 934854532177 2789381171250928343 6717089504244378175 723969216322 5543604
11343203451485452303 343171883931913 4485852471816631210 8023833934273342166 55090688583228 28935336
11343203451485452303 343171883931913 4485852471816631210 8023833934273342166 55090688583228 28935336
