2687944421147 6369536543 1148659837385 2402432409245 814459807 348099
2687944421147 6369536543 1148659837385 2195199174261 1936140380 263328
2687944421147 6369536543 1148659837385 554669922965 2032431516 449307
2687944421147 6369536543 1148659837385 223143992311 2701035909 267087
2687944421147 6369536543 1148659837385 81133359735 1184224256 678321
2687944421147 6369536543 1148659837385 5535036864 4858917020 515022
2687944421147 6369536543 1148659837385 2221781283747 4273039122 258996
2687944421147 6369536543 1148659837385 549605363796 5738677031 271674
2687944421147 6369536543 1148659837385 940941440212 3335289498 175194
2687944421147 6369536543 1148659837385 474124796918 3273102903 317688
2687944421147 6369536543 1148659837385 663764665434 1924204910 458463
2687944421147 6369536543 1148659837385 1910581531675 2395005774 293622
2687944421147 6369536543 1148659837385 1927090492604 958289649 344751
2687944421147 6369536543 1148659837385 2159689066539 2682748848 320451
2687944421147 6369536543 1148659837385 1734354029893 4271008204 224856
2687944421147 6369536543 1148659837385 2378705673681 3612498295 256080
2687944421147 6369536543 1148659837385 706664842822 1120458319 192360
2687944421147 6369536543 1148659837385 94591799901 4421384257 298086
2687944421147 6369536543 1148659837385 1472450732904 141121794 219168
2687944421147 6369536543 1148659837385 1470500118714 3678925522 378840
2687944421147 6369536543 1148659837385 2686418570555 3654765621 143838
2687944421147 6369536543 1148659837385 1384677732853 2301582469 150084
2687944421147 6369536543 1148659837385 1232075652151 1915796959 882126
2687944421147 6369536543 1148659837385 523037147103 4693013945 195060
2687944421147 6369536543 1148659837385 2238970618350 346070075 194640
2687944421147 6369536543 1148659837385 1090371341563 935352617 152472
2687944421147 6369536543 1148659837385 44377989285 457594117 448059
2687944421147 6369536543 1148659837385 750720579663 4433733910 301860
2687944421147 6369536543 1148659837385 266318585132 6036496473 279186
2687944421147 6369536543 1148659837385 1127496289741 883748049 440868
2687944421147 6369536543 1148659837385 2646950383642 5725643805 254859
2687944421147 6369536543 1148659837385 2059669717549 3238319890 460638
2687944421147 6369536543 1148659837385 657641857369 1511967700 390819
2687944421147 6369536543 1148659837385 1227566355320 5925979184 258444
2687944421147 6369536543 1148659837385 418009432694 2835925354 450816
2687944421147 6369536543 1148659837385 805065191478 1225952506 624936
2687944421147 6369536543 1148659837385 114952829399 3143188814 549240
2687944421147 6369536543 1148659837385 381853399518 1301566131 78303
2687944421147 6369536543 1148659837385 2036568714601 4084172049 256671
2687944421147 6369536543 1148659837385 1202467797606 2367089251 610821
2687944421147 6369536543 1148659837385 944897380091 208833397 129168
2687944421147 6369536543 1148659837385 1034372769971 3263180641 348072
2687944421147 6369536543 1148659837385 2407343966668 3950835817 296865
2687944421147 6369536543 1148659837385 770780563579 6335207697 342657
2687944421147 6369536543 1148659837385 1150387674011 2501964277 434718
2687944421147 6369536543 1148659837385 1226495861225 2912269662 238740
2687944421147 6369536543 1148659837385 676872360227 2570253465 682686
2687944421147 6369536543 1148659837385 2187263007217 2306146944 69594
2687944421147 6369536543 1148659837385 1341831038599 2616848602 381972
2687944421147 6369536543 1148659837385 2314839702056 777161254 185940
2687944421147 6369536543 1148659837385 1418834327456 1760804537 154782
2687944421147 6369536543 1148659837385 1771267911750 682359033 194043
2687944421147 6369536543 1148659837385 2127192732266 4768524957 436056
2687944421147 6369536543 1148659837385 2060959284864 923901182 614910
2687944421147 6369536543 1148659837385 2621518678632 672123524 342648
2687944421147 6369536543 1148659837385 2604084712250 1737293982 693540
2687944421147 6369536543 1148659837385 1038653361776 888910193 245466
2687944421147 6369536543 1148659837385 194903323061 6112142414 386769
2687944421147 6369536543 1148659837385 61993499396 4528746615 345360
2687944421147 6369536543 1148659837385 700155566486 6322671165 238404
2687944421147 6369536543 1148659837385 1865100606467 3498209436 228021
2687944421147 6369536543 1148659837385 1488118605033 4450549006 630876
2687944421147 6369536543 1148659837385 113394297517 1740822807 327684
2687944421147 6369536543 1148659837385 1940808245555 2967998393 594462
2687944421147 6369536543 1148659837385 1685633612832 316191255 79827
2687944421147 6369536543 1148659837385 1502535757473 509168864 119163
2687944421147 6369536543 1148659837385 52589349471 872127791 205548
2687944421147 6369536543 1148659837385 1964717151161 3988844427 263724
2687944421147 6369536543 1148659837385 1882482788328 5868454954 636960
2687944421147 6369536543 1148659837385 1200379129150 1071906300 554832
2687944421147 6369536543 1148659837385 267667996538 1735700351 116697
2687944421147 6369536543 1148659837385 218330884213 4776809563 182085
2687944421147 6369536543 1148659837385 2504164265263 1562589494 108576
2687944421147 6369536543 1148659837385 1776458318047 1248633960 355572
2687944421147 6369536543 1148659837385 153128743974 5198347667 644886
2687944421147 6369536543 1148659837385 2299701913768 1469198164 89910
2687944421147 6369536543 1148659837385 1693150573617 5298686128 99498
2687944421147 6369536543 1148659837385 964254217507 3551619826 106038
2687944421147 6369536543 1148659837385 455377618849 2702200799 111489
2687944421147 6369536543 1148659837385 1826563765916 2738413963 259860
2687944421147 6369536543 1148659837385 817582738345 443963661 248400
2687944421147 6369536543 1148659837385 557794900050 2171324101 150021
2687944421147 6369536543 1148659837385 2054941426777 1709117242 485682
2687944421147 6369536543 1148659837385 271960913745 3634309400 539526
2687944421147 6369536543 1148659837385 59580843189 1103888952 314469
2687944421147 6369536543 1148659837385 1422360892275 2854153919 274656
2687944421147 6369536543 1148659837385 2406556912607 259531218 173184
2687944421147 6369536543 1148659837385 855386544421 4228959372 374424
2687944421147 6369536543 1148659837385 901746121647 94828262 242043
2687944421147 6369536543 1148659837385 682744555058 1326859660 200037
2687944421147 6369536543 1148659837385 2281475016177 798695637 131868
2687944421147 6369536543 1148659837385 2503216397915 1038350689 619326
2687944421147 6369536543 1148659837385 1438245156250 1856541540 618501
2687944421147 6369536543 1148659837385 24816673122 1406839368 395184
2687944421147 6369536543 1148659837385 1760334210563 1976648740 201150
2687944421147 6369536543 1148659837385 516206713003 6225339115 416799
2687944421147 6369536543 1148659837385 390158096740 5500243021 165315
2687944421147 6369536543 1148659837385 1459485912588 2887284539 104364
2687944421147 6369536543 1148659837385 1198691031069 5653044295 403260
2687944421147 6369536543 1148659837385 116461253274 6096826406 206556
5996192251277 51691312511 5320780609447 5165370793041 17671965931 1244883
5996192251277 51691312511 5320780609447 3810723436996 5743949323 801348
5996192251277 51691312511 5320780609447 3824006036426 26726191883 178182
5996192251277 51691312511 5320780609447 3038162943622 39374575922 1243767
5996192251277 51691312511 5320780609447 4918328246713 17667806085 830799
5996192251277 51691312511 5320780609447 2690703720509 15532134276 598920
5996192251277 51691312511 5320780609447 1340818805108 7603932925 952770
5996192251277 51691312511 5320780609447 487132764051 30770963255 1175898
5996192251277 51691312511 5320780609447 5589559325230 12844774860 1156272
5996192251277 51691312511 5320780609447 1109610888300 45295706558 578658
5996192251277 51691312511 5320780609447 4433163499649 43379391845 1458198
5996192251277 51691312511 5320780609447 3710525079129 4770204093 1438632
5996192251277 51691312511 5320780609447 4312562574004 35510597662 219690
5996192251277 51691312511 5320780609447 1263706229334 15518336134 887820
5996192251277 51691312511 5320780609447 523096659481 30223531232 220323
5996192251277 51691312511 5320780609447 1745658526665 37198810331 943383
5996192251277 51691312511 5320780609447 1137853756580 34343858223 70650
5996192251277 51691312511 5320780609447 5116251467614 14730783136 1244457
5996192251277 51691312511 5320780609447 946846969623 31402096118 367605
5996192251277 51691312511 5320780609447 2983607599093 32546678730 830808
5996192251277 51691312511 5320780609447 4382203505601 4630258665 1575564
5996192251277 51691312511 5320780609447 472685457133 25212667665 1717170
5996192251277 51691312511 5320780609447 602638464950 42189265953 739860
5996192251277 51691312511 5320780609447 4060100407217 17652276539 133548
5996192251277 51691312511 5320780609447 5783753756257 50737122200 992136
5996192251277 51691312511 5320780609447 3299804179361 25029881852 383532
5996192251277 51691312511 5320780609447 1876749827538 30522435342 2633448
5996192251277 51691312511 5320780609447 4312981740660 25887431089 946557
5996192251277 51691312511 5320780609447 1897248748573 18484289515 676287
5996192251277 51691312511 5320780609447 2979572544845 28974317357 831771
5996192251277 51691312511 5320780609447 618609273369 18782045496 1127373
5996192251277 51691312511 5320780609447 4136503849511 33758682515 540255
5996192251277 51691312511 5320780609447 4599263760240 811282755 475635
5996192251277 51691312511 5320780609447 2077941500532 5002249789 311088
5996192251277 51691312511 5320780609447 2376887931280 45494607169 797775
5996192251277 51691312511 5320780609447 1451501927585 34538484900 1018302
5996192251277 51691312511 5320780609447 4684773225973 36105673263 1008720
5996192251277 51691312511 5320780609447 724870249406 27596740845 577974
5996192251277 51691312511 5320780609447 2324974318404 10076804710 465822
5996192251277 51691312511 5320780609447 1558310563769 32794503224 1165233
5996192251277 51691312511 5320780609447 49741505930 1058169897 1180656
5996192251277 51691312511 5320780609447 3007359458947 32084223770 1739304
5996192251277 51691312511 5320780609447 1310910584947 3122198567 1872294
5996192251277 51691312511 5320780609447 2465822767447 20115081478 967584
5996192251277 51691312511 5320780609447 24578696544 15246056888 1978065
5996192251277 51691312511 5320780609447 315298643463 19705874702 674796
5996192251277 51691312511 5320780609447 859195204130 37587265956 891672
5996192251277 51691312511 5320780609447 4001690035010 43791979472 810015
5996192251277 51691312511 5320780609447 2866185805319 50412533164 1030344
5996192251277 51691312511 5320780609447 3565068891850 20041768690 2291067
5996192251277 51691312511 5320780609447 432525847909 18606875373 522630
5996192251277 51691312511 5320780609447 1061345408529 31498729259 1258602
5996192251277 51691312511 5320780609447 4066095204665 12721113599 725520
5996192251277 51691312511 5320780609447 4758029256998 8980081234 663297
5996192251277 51691312511 5320780609447 3154410617312 44358960273 667965
5996192251277 51691312511 5320780609447 412715613563 43426602434 1471833
5996192251277 51691312511 5320780609447 3116815108367 33278614922 426801
5996192251277 51691312511 5320780609447 1460607339971 48813889504 1022196
5996192251277 51691312511 5320780609447 2700280353415 41456883673 650985
5996192251277 51691312511 5320780609447 2662283443182 20258911186 1745970
5996192251277 51691312511 5320780609447 3735566441909 3793916870 426825
5996192251277 51691312511 5320780609447 2389295121405 6507144436 379179
5996192251277 51691312511 5320780609447 5667486399221 48262730689 1087848
5996192251277 51691312511 5320780609447 3136714715536 33833068783 1225392
5996192251277 51691312511 5320780609447 20818476583 5779078031 1229406
5996192251277 51691312511 5320780609447 1319133786560 11300996687 501642
5996192251277 51691312511 5320780609447 2281452704708 45690910142 289476
5996192251277 51691312511 5320780609447 4724876297160 12935506331 357777
5996192251277 51691312511 5320780609447 5212660409699 39951309144 815814
5996192251277 51691312511 5320780609447 4140097011740 4516113124 533772
5996192251277 51691312511 5320780609447 3057311658587 20145044532 1147692
5996192251277 51691312511 5320780609447 3819790841781 14360013281 501804
5996192251277 51691312511 5320780609447 4478006619876 44613347170 566091
5996192251277 51691312511 5320780609447 5520120251147 23303954104 400263
5996192251277 51691312511 5320780609447 1836874283125 45043376599 397125
5996192251277 51691312511 5320780609447 263686335064 2539253427 587268
5996192251277 51691312511 5320780609447 5610092349069 14030701801 696375
5996192251277 51691312511 5320780609447 2653065275390 11780841573 452367
5996192251277 51691312511 5320780609447 476905797531 42094482310 1009041
5996192251277 51691312511 5320780609447 2281953252490 3561311392 509937
5996192251277 51691312511 5320780609447 1266439410680 51608387321 1007922
5996192251277 51691312511 5320780609447 3862522102689 32300772645 1514130
5996192251277 51691312511 5320780609447 3079009803346 42189041077 574155
5996192251277 51691312511 5320780609447 82117649297 18993624981 1283931
5996192251277 51691312511 5320780609447 4321370270105 2948956671 417870
5996192251277 51691312511 5320780609447 4276682011382 5584880044 732015
5996192251277 51691312511 5320780609447 2257054806283 14559669915 1212120
5996192251277 51691312511 5320780609447 2802848080980 32860883083 1313472
5996192251277 51691312511 5320780609447 2348799117697 38717813753 871029
5996192251277 51691312511 5320780609447 5150955194222 21799616639 2214936
5996192251277 51691312511 5320780609447 19063797138 21675775497 1208130
5996192251277 51691312511 5320780609447 1409035519021 32829795208 514971
5996192251277 51691312511 5320780609447 184191833937 35228085281 1741176
5996192251277 51691312511 5320780609447 1303470545499 25908576281 1360368
5996192251277 51691312511 5320780609447 4179580677893 9317277805 377181
5996192251277 51691312511 5320780609447 64948704670 23361940202 525609
5996192251277 51691312511 5320780609447 1354474946258 40122040333 753060
5996192251277 51691312511 5320780609447 3285113486029 25408971851 1525740
5996192251277 51691312511 5320780609447 4882070717832 14972913994 1339392
5996192251277 51691312511 5320780609447 55585903240 34173727575 679992
614031911033159 879701878271 499108678525189 148663297294828 327059379068 6348414
614031911033159 879701878271 499108678525189 349290456426051 751901819879 2726862
614031911033159 879701878271 499108678525189 396764635213754 696794636517 7602249
614031911033159 879701878271 499108678525189 365647332810309 190795026703 2246256
614031911033159 879701878271 499108678525189 170543562060530 437221721178 2780664
614031911033159 879701878271 499108678525189 170967943541346 802501469276 4913682
614031911033159 879701878271 499108678525189 343351795284503 562547946615 3210426
614031911033159 879701878271 499108678525189 547735333301727 483978572525 3619872
614031911033159 879701878271 499108678525189 383733421278179 428883862152 3724971
614031911033159 879701878271 499108678525189 492531859381695 227240801915 473259
614031911033159 879701878271 499108678525189 248054636061555 184056227077 4573125
614031911033159 879701878271 499108678525189 358174567718341 637787418206 6039822
614031911033159 879701878271 499108678525189 207996784149428 190944410331 4478397
614031911033159 879701878271 499108678525189 577461749294106 222287127124 6049626
614031911033159 879701878271 499108678525189 374741128575962 591831257521 3177792
614031911033159 879701878271 499108678525189 249420204201984 622872603800 3926214
614031911033159 879701878271 499108678525189 530420268473917 766727381800 2537244
614031911033159 879701878271 499108678525189 386289937778581 435721905772 1376907
614031911033159 879701878271 499108678525189 279833246598813 846204261765 1768644
614031911033159 879701878271 499108678525189 396014098178205 159161485615 5585052
614031911033159 879701878271 499108678525189 400037167229390 838824549773 3341625
614031911033159 879701878271 499108678525189 113410496936241 146095265229 672930
614031911033159 879701878271 499108678525189 147884527762940 862538283253 4465116
614031911033159 879701878271 499108678525189 122534478975832 665094135964 2671647
614031911033159 879701878271 499108678525189 449130711159999 354378936401 4374540
614031911033159 879701878271 499108678525189 496941931302518 864475428851 9006792
614031911033159 879701878271 499108678525189 449001240006012 166112248820 5889120
614031911033159 879701878271 499108678525189 222346301671191 519044648061 2870964
614031911033159 879701878271 499108678525189 220304915889776 357191591025 1487352
614031911033159 879701878271 499108678525189 480751468686728 732379622572 3849657
614031911033159 879701878271 499108678525189 558221296350172 613722551300 2118951
614031911033159 879701878271 499108678525189 160280553243144 640343917710 3896340
614031911033159 879701878271 499108678525189 547926851802376 863629896294 1748691
614031911033159 879701878271 499108678525189 324646445055713 379412263552 1122612
614031911033159 879701878271 499108678525189 485292455351901 800435701960 5004990
614031911033159 879701878271 499108678525189 509038599927611 362004038540 2165868
614031911033159 879701878271 499108678525189 163169262143720 385172390585 4672086
614031911033159 879701878271 499108678525189 165148100604297 770081316270 1424412
614031911033159 879701878271 499108678525189 140621338725673 182049313488 3697848
614031911033159 879701878271 499108678525189 433290138468478 217474659429 7244055
614031911033159 879701878271 499108678525189 8673005402852 445957291832 4363716
614031911033159 879701878271 499108678525189 320317957389831 682130755224 3390552
614031911033159 879701878271 499108678525189 278668733205947 399509664575 5998512
614031911033159 879701878271 499108678525189 297391639264726 449736879551 3688833
614031911033159 879701878271 499108678525189 497382358198394 106046249870 1868184
614031911033159 879701878271 499108678525189 438357132302778 277372438024 5994447
614031911033159 879701878271 499108678525189 489438973060288 446428081304 3632652
614031911033159 879701878271 499108678525189 22606195523853 186002925304 9064680
614031911033159 879701878271 499108678525189 566809113667583 780884739640 5415009
614031911033159 879701878271 499108678525189 4624125044461 700571890573 5913738
614031911033159 879701878271 499108678525189 551911358296056 851947319612 1097283
614031911033159 879701878271 499108678525189 253257757987588 323437389882 6533700
614031911033159 879701878271 499108678525189 383162938932750 738741431552 3453990
614031911033159 879701878271 499108678525189 409709979247359 723438872844 2258514
614031911033159 879701878271 499108678525189 357545999073741 565726985391 2902002
614031911033159 879701878271 499108678525189 403334396071143 246864583561 6981936
614031911033159 879701878271 499108678525189 205020797515193 395170645576 1384683
614031911033159 879701878271 499108678525189 179709172260298 500886718718 9540051
614031911033159 879701878271 499108678525189 191463791638464 203654441631 1659582
614031911033159 879701878271 499108678525189 63650266263119 750648595759 2862384
614031911033159 879701878271 499108678525189 206807052189395 380646525143 2812614
614031911033159 879701878271 499108678525189 443852191830196 41316731798 5132760
614031911033159 879701878271 499108678525189 377196260549260 289573914494 2144196
614031911033159 879701878271 499108678525189 345719922924212 550853812870 4131540
614031911033159 879701878271 499108678525189 258732595318649 151746700602 4765428
614031911033159 879701878271 499108678525189 433485240752878 669452452409 4671051
614031911033159 879701878271 499108678525189 591589113335107 172310879882 5722758
614031911033159 879701878271 499108678525189 484421883743136 93430479855 2901633
614031911033159 879701878271 499108678525189 391155605741437 555653295821 4786770
614031911033159 879701878271 499108678525189 79752250421428 56256312980 2499852
614031911033159 879701878271 499108678525189 533996221199459 108120626054 1758897
614031911033159 879701878271 499108678525189 161177161791332 841033665459 1154433
614031911033159 879701878271 499108678525189 463318215369215 741729658657 4081104
614031911033159 879701878271 499108678525189 112115506307852 823345121052 3106116
614031911033159 879701878271 499108678525189 456269868608829 66031726447 10126512
614031911033159 879701878271 499108678525189 439362268901436 192660980759 1350279
614031911033159 879701878271 499108678525189 373911532542880 233503800187 5316984
614031911033159 879701878271 499108678525189 373022757723878 278348836424 2724468
614031911033159 879701878271 499108678525189 417188352632980 319496757160 5525745
614031911033159 879701878271 499108678525189 175442447210031 124547703139 6281379
614031911033159 879701878271 499108678525189 114099339723314 709484726240 5529600
614031911033159 879701878271 499108678525189 402714824825622 295711495784 5359338
614031911033159 879701878271 499108678525189 576150262350653 811559357122 3624300
614031911033159 879701878271 499108678525189 134187609703706 235961338813 4475214
614031911033159 879701878271 499108678525189 129902112436364 348516107366 5059680
614031911033159 879701878271 499108678525189 78345227660095 307767612399 4927560
614031911033159 879701878271 499108678525189 380982011102319 457366512195 3930930
614031911033159 879701878271 499108678525189 77208673698547 139362447931 3027270
614031911033159 879701878271 499108678525189 583497800160990 164303008386 6585810
614031911033159 879701878271 499108678525189 383252302789396 248042957 2963250
614031911033159 879701878271 499108678525189 541555640065508 442328647859 1571952
614031911033159 879701878271 499108678525189 524743381174516 822187993204 3132384
614031911033159 879701878271 499108678525189 36927234239077 163679446278 4387062
614031911033159 879701878271 499108678525189 209721711360781 367686366450 4288176
614031911033159 879701878271 499108678525189 125365498991343 541058556174 3928176
614031911033159 879701878271 499108678525189 564887027380363 418500872174 1716732
614031911033159 879701878271 499108678525189 251832830941431 835993635887 2130087
614031911033159 879701878271 499108678525189 464077423411214 13250718925 920382
614031911033159 879701878271 499108678525189 331608641259069 49442566177 2084856
614031911033159 879701878271 499108678525189 519550309588341 695833740213 800130
196190157099323 1241709855059 12583135293912 60849104893625 734407792440 5391510
196190157099323 1241709855059 12583135293912 142877014990109 421424716485 11456139
196190157099323 1241709855059 12583135293912 99154199785129 1091239345616 2363529
196190157099323 1241709855059 12583135293912 71062231378277 1107911508676 4691820
196190157099323 1241709855059 12583135293912 1597842403439 105412620482 5390895
196190157099323 1241709855059 12583135293912 44185176824292 980139037496 5231052
196190157099323 1241709855059 12583135293912 140262420641033 411588311769 2655792
196190157099323 1241709855059 12583135293912 110228432542643 987215722992 2445903
196190157099323 1241709855059 12583135293912 35745902775383 532390351449 3623424
196190157099323 1241709855059 12583135293912 114858836040042 548773753911 4573746
196190157099323 1241709855059 12583135293912 171186094109250 604073138456 2816997
196190157099323 1241709855059 12583135293912 121401484144266 740420387312 2420946
196190157099323 1241709855059 12583135293912 50487628045731 160179694301 4058082
196190157099323 1241709855059 12583135293912 147773169891295 920520255258 2850663
196190157099323 1241709855059 12583135293912 148326920635866 266751679903 3469308
196190157099323 1241709855059 12583135293912 128006377013642 185169342868 4083915
196190157099323 1241709855059 12583135293912 39854033015358 811629774818 4809660
196190157099323 1241709855059 12583135293912 114071662449366 383567575840 5774808
196190157099323 1241709855059 12583135293912 75105836919568 815015795938 6012372
196190157099323 1241709855059 12583135293912 159754397987472 195532613826 1824129
196190157099323 1241709855059 12583135293912 66280219599745 364691496182 2321931
196190157099323 1241709855059 12583135293912 190770433116770 352728061877 2039034
196190157099323 1241709855059 12583135293912 155027221339026 473777448321 2992200
196190157099323 1241709855059 12583135293912 10802260748316 15928926063 2381283
196190157099323 1241709855059 12583135293912 25499520340904 156701498746 5536971
196190157099323 1241709855059 12583135293912 67536434409208 514663556480 556212
196190157099323 1241709855059 12583135293912 163755790548574 82426040965 4156017
196190157099323 1241709855059 12583135293912 76205686036754 95823459820 8253558
196190157099323 1241709855059 12583135293912 126475879822575 946908464330 3541638
196190157099323 1241709855059 12583135293912 129210688317119 666877735513 4639095
196190157099323 1241709855059 12583135293912 56718744864491 198549461131 1939320
196190157099323 1241709855059 12583135293912 83155282155961 126288735519 7436430
196190157099323 1241709855059 12583135293912 26349574592329 488689041910 4543734
196190157099323 1241709855059 12583135293912 72373062586571 218689702589 5611860
196190157099323 1241709855059 12583135293912 179971602227180 831706936895 4361799
196190157099323 1241709855059 12583135293912 78325125186546 268115154665 4685157
196190157099323 1241709855059 12583135293912 113181851965039 960279053258 1119798
196190157099323 1241709855059 12583135293912 169703010401982 1012019218595 5189190
196190157099323 1241709855059 12583135293912 166944497043719 1196187395926 3370530
196190157099323 1241709855059 12583135293912 61380998508478 52557040221 3385134
196190157099323 1241709855059 12583135293912 167403289302784 1013093253424 5814750
196190157099323 1241709855059 12583135293912 194278455727083 730214236658 3798924
196190157099323 1241709855059 12583135293912 45837432618786 123766634094 5745159
196190157099323 1241709855059 12583135293912 35921895722094 594241136583 3259248
196190157099323 1241709855059 12583135293912 58546926213967 992768882395 3671670
196190157099323 1241709855059 12583135293912 89486536510143 1072268539569 4420353
196190157099323 1241709855059 12583135293912 62104507591822 997224425432 6378084
196190157099323 1241709855059 12583135293912 50999323355986 636267455891 8537571
196190157099323 1241709855059 12583135293912 9649113654201 714727406127 9165072
196190157099323 1241709855059 12583135293912 85648873735522 1050524967474 1807158
196190157099323 1241709855059 12583135293912 92649754554047 37324374751 5620644
196190157099323 1241709855059 12583135293912 146071311477160 1201491019676 434070
196190157099323 1241709855059 12583135293912 129808448785126 965090349952 6423426
196190157099323 1241709855059 12583135293912 58424901674720 1098302320102 6966090
196190157099323 1241709855059 12583135293912 168167745817051 543952640355 4168770
196190157099323 1241709855059 12583135293912 43335598019062 1172773665615 7322103
196190157099323 1241709855059 12583135293912 76734571788561 1010750371646 4505982
196190157099323 1241709855059 12583135293912 37413611646281 313613340302 3107085
196190157099323 1241709855059 12583135293912 176369086895015 1022958058248 6345150
196190157099323 1241709855059 12583135293912 27503555136888 1079930606269 1975926
196190157099323 1241709855059 12583135293912 130072995177376 111154209805 4052622
196190157099323 1241709855059 12583135293912 103448118678484 148355890221 8902764
196190157099323 1241709855059 12583135293912 126777238831110 975657713505 8757666
196190157099323 1241709855059 12583135293912 180720546278876 651274142422 4356078
196190157099323 1241709855059 12583135293912 128857659556202 945865695210 668226
196190157099323 1241709855059 12583135293912 131575940679142 451432560268 4494348
196190157099323 1241709855059 12583135293912 63939093408538 1110292111520 4226019
196190157099323 1241709855059 12583135293912 98333927850266 669310963387 8740950
196190157099323 1241709855059 12583135293912 19234970657509 1076351021076 6775155
196190157099323 1241709855059 12583135293912 45902858132330 20161647944 1574238
196190157099323 1241709855059 12583135293912 20887872026462 734145330722 3563874
196190157099323 1241709855059 12583135293912 87477813642833 1227388854973 2598135
196190157099323 1241709855059 12583135293912 41655602314362 512463877110 6407709
196190157099323 1241709855059 12583135293912 58446411276819 587699850261 2754996
196190157099323 1241709855059 12583135293912 49327573716608 767256410891 5104695
196190157099323 1241709855059 12583135293912 166352786908739 388939635078 2072667
196190157099323 1241709855059 12583135293912 71542975428890 962768407149 2911446
196190157099323 1241709855059 12583135293912 24324632517630 53592388867 8133552
196190157099323 1241709855059 12583135293912 193561120902802 646428493686 919395
196190157099323 1241709855059 12583135293912 159811524620403 909181564337 2817468
196190157099323 1241709855059 12583135293912 126217695143862 850338691407 3200544
196190157099323 1241709855059 12583135293912 176470927670174 400439451654 2723970
196190157099323 1241709855059 12583135293912 159731490570779 1090382844986 3277566
196190157099323 1241709855059 12583135293912 180196468935889 779073688950 7412289
196190157099323 1241709855059 12583135293912 126833542112083 236289165769 2986848
196190157099323 1241709855059 12583135293912 69297074048945 1002833429953 6127245
196190157099323 1241709855059 12583135293912 161274616487985 208390118799 11991639
196190157099323 1241709855059 12583135293912 148643661040538 1235174308313 8571957
196190157099323 1241709855059 12583135293912 72825515152166 1097783734528 685992
196190157099323 1241709855059 12583135293912 7281093494094 67543952012 5813280
196190157099323 1241709855059 12583135293912 139892940752979 40566159936 9774228
196190157099323 1241709855059 12583135293912 37353610963224 58478947824 2600802
196190157099323 1241709855059 12583135293912 64619607704418 874262275011 1243593
196190157099323 1241709855059 12583135293912 36401312188218 717350608352 13374333
196190157099323 1241709855059 12583135293912 42964898112467 256648838720 7401237
196190157099323 1241709855059 12583135293912 74459493344576 85392046359 8734416
196190157099323 1241709855059 12583135293912 17706937466446 312651488962 7511880
196190157099323 1241709855059 12583135293912 104063480186255 17120337368 5942376
196190157099323 1241709855059 12583135293912 87372071295384 1227859604590 3442416
196190157099323 1241709855059 12583135293912 118785416943870 331126550269 5606310
12060133258626301 40200444195421 3055861800803894 12000901291920764 8139879870357 35913648
12060133258626301 40200444195421 3055861800803894 7674057948457219 20350163486036 29344854
12060133258626301 40200444195421 3055861800803894 10290727877279661 25896039541977 12853728
12060133258626301 40200444195421 3055861800803894 1738556336326199 403927009408 19856133
12060133258626301 40200444195421 3055861800803894 10825338279141768 18131368362827 20154066
12060133258626301 40200444195421 3055861800803894 769274536519408 32152169595993 27068856
12060133258626301 40200444195421 3055861800803894 3035219319199938 13094993347645 32108340
12060133258626301 40200444195421 3055861800803894 6537992096977722 23754150160461 36750447
12060133258626301 40200444195421 3055861800803894 4687242579999704 7003850518135 33969132
12060133258626301 40200444195421 3055861800803894 4587781767102642 8278347505545 13940484
12060133258626301 40200444195421 3055861800803894 7629236882216159 25910504966395 18219192
12060133258626301 40200444195421 3055861800803894 9690919115130543 20575650574726 10262511
12060133258626301 40200444195421 3055861800803894 1503827680333667 8871110155260 42394605
12060133258626301 40200444195421 3055861800803894 1630355655703415 12828788548028 21745050
12060133258626301 40200444195421 3055861800803894 6541417796421608 23805538872237 19753443
12060133258626301 40200444195421 3055861800803894 9337404656859637 15315754403715 25899888
12060133258626301 40200444195421 3055861800803894 2081917491463800 37417047667616 22043484
12060133258626301 40200444195421 3055861800803894 10849787729197141 23356478321208 14994501
12060133258626301 40200444195421 3055861800803894 7044727165388992 17311267952240 10023354
12060133258626301 40200444195421 3055861800803894 11409741005347326 30551752064622 12236412
12060133258626301 40200444195421 3055861800803894 5089537486374937 29473358488144 33708159
12060133258626301 40200444195421 3055861800803894 3598918427955961 635878239281 21388824
12060133258626301 40200444195421 3055861800803894 8436258431377880 22386918705620 13876248
12060133258626301 40200444195421 3055861800803894 11297188713388750 14263199780016 11468007
12060133258626301 40200444195421 3055861800803894 5770920472365911 34256304325354 27668205
12060133258626301 40200444195421 3055861800803894 5425142958787733 5870578160631 11709138
12060133258626301 40200444195421 3055861800803894 4481339732289014 37427867689838 14434254
12060133258626301 40200444195421 3055861800803894 5205539772141984 34770689867691 23719473
12060133258626301 40200444195421 3055861800803894 10061405709461671 30998430699184 23618958
12060133258626301 40200444195421 3055861800803894 10922748421117766 24765378064028 8733132
12060133258626301 40200444195421 3055861800803894 2677020174282750 30375446717495 51014376
12060133258626301 40200444195421 3055861800803894 11303257543629474 8243068277282 16452825
12060133258626301 40200444195421 3055861800803894 11661114722602847 40044030441010 39008034
12060133258626301 40200444195421 3055861800803894 5693058439122484 35574803288824 40754670
12060133258626301 40200444195421 3055861800803894 9240616907234284 35856717800963 32391831
12060133258626301 40200444195421 3055861800803894 9503138678058556 26891815839694 36779166
12060133258626301 40200444195421 3055861800803894 8796254591847330 35143055835861 27106272
12060133258626301 40200444195421 3055861800803894 502051509072765 12880728371514 15893307
12060133258626301 40200444195421 3055861800803894 1892857153323704 34369591917496 27190992
12060133258626301 40200444195421 3055861800803894 9196975254104560 14429374171903 9353106
12060133258626301 40200444195421 3055861800803894 6974554367313737 37560066142979 15184821
12060133258626301 40200444195421 3055861800803894 2143431808229048 2580382861815 42612756
12060133258626301 40200444195421 3055861800803894 8341388947161278 30780931782713 39484437
12060133258626301 40200444195421 3055861800803894 8834944123007845 29553932298447 43093065
12060133258626301 40200444195421 3055861800803894 8421996478154933 35721158053739 11748048
12060133258626301 40200444195421 3055861800803894 5726382013787801 26400169034684 50934504
12060133258626301 40200444195421 3055861800803894 5806507861497337 29577445885761 22463313
12060133258626301 40200444195421 3055861800803894 629959486557150 2288957075541 15420402
12060133258626301 40200444195421 3055861800803894 49687708662764 29065653313474 38420520
12060133258626301 40200444195421 3055861800803894 2643890963402834 2568554519580 18242433
12060133258626301 40200444195421 3055861800803894 9828117098756126 12743122431666 42329880
12060133258626301 40200444195421 3055861800803894 10167214300831673 4590958364578 24534222
12060133258626301 40200444195421 3055861800803894 8783586612525651 38297897124218 23397000
12060133258626301 40200444195421 3055861800803894 1598337043494035 5306805819505 37951893
12060133258626301 40200444195421 3055861800803894 1555879944392861 16023047775798 13295532
12060133258626301 40200444195421 3055861800803894 5967431614826788 32275878091931 60076359
12060133258626301 40200444195421 3055861800803894 3274034210898952 19703463131414 22357488
12060133258626301 40200444195421 3055861800803894 1426375215205156 17386671843113 5468202
12060133258626301 40200444195421 3055861800803894 4473745872818492 34734490237220 11508900
12060133258626301 40200444195421 3055861800803894 19628875472050 4572601262169 13643769
12060133258626301 40200444195421 3055861800803894 11012084198641184 766677147123 4317966
12060133258626301 40200444195421 3055861800803894 11024288996219109 21049608925131 2374773
12060133258626301 40200444195421 3055861800803894 8925845260930127 398584264728 4226256
12060133258626301 40200444195421 3055861800803894 7242499388854880 7518506676186 22773003
12060133258626301 40200444195421 3055861800803894 683898876473614 8851203723197 30591315
12060133258626301 40200444195421 3055861800803894 1621550689546045 1709935636039 10887813
12060133258626301 40200444195421 3055861800803894 10850421035290617 5641676998478 14898279
12060133258626301 40200444195421 3055861800803894 10502824680776424 21803904462115 31524444
12060133258626301 40200444195421 3055861800803894 4257850498261078 22488821338751 40719852
12060133258626301 40200444195421 3055861800803894 5312733533288026 12780056091770 38897244
12060133258626301 40200444195421 3055861800803894 12038595128012332 24806565041583 21529419
12060133258626301 40200444195421 3055861800803894 3313192789662993 39726759503027 23970882
12060133258626301 40200444195421 3055861800803894 7536358778337741 594668321968 21825972
12060133258626301 40200444195421 3055861800803894 6948528727716625 37276385298234 20134884
12060133258626301 40200444195421 3055861800803894 6197654500440181 7732829545945 18905823
12060133258626301 40200444195421 3055861800803894 5632842007586955 10225978610487 34336122
12060133258626301 40200444195421 3055861800803894 7714333183659692 562752520513 4893399
12060133258626301 40200444195421 3055861800803894 6741591428962959 2823318828015 16750677
12060133258626301 40200444195421 3055861800803894 2339105397834957 39349094236381 27050040
12060133258626301 40200444195421 3055861800803894 8432031529092126 5019834075767 32509050
12060133258626301 40200444195421 3055861800803894 4768595179017586 5297640109336 10087371
12060133258626301 40200444195421 3055861800803894 11746801712198162 34853528057717 28903320
12060133258626301 40200444195421 3055861800803894 1415763162965209 11206108061856 15630168
12060133258626301 40200444195421 3055861800803894 118771365879488 23730288143902 2856744
12060133258626301 40200444195421 3055861800803894 2920627804628011 3770622265112 5685540
12060133258626301 40200444195421 3055861800803894 433481542881194 35955839887087 58719492
12060133258626301 40200444195421 3055861800803894 1476506027039588 31217302263110 45513300
12060133258626301 40200444195421 3055861800803894 1612251383401008 33456825589950 11996094
12060133258626301 40200444195421 3055861800803894 9342283692883264 26997679201286 12969981
12060133258626301 40200444195421 3055861800803894 9024657197382942 14399948162244 46001157
12060133258626301 40200444195421 3055861800803894 10232561898560428 1376710402452 18218448
12060133258626301 40200444195421 3055861800803894 1884436895166114 32965306179094 45929688
12060133258626301 40200444195421 3055861800803894 3105148163982472 399283987123 12006747
12060133258626301 40200444195421 3055861800803894 11240142489250202 19176861100613 36015048
12060133258626301 40200444195421 3055861800803894 10065684628627938 16879555831363 43713930
12060133258626301 40200444195421 3055861800803894 1948159037692670 30806729509432 25133370
12060133258626301 40200444195421 3055861800803894 6106271407550910 23620303889225 25708197
12060133258626301 40200444195421 3055861800803894 9301986163596118 2338092291759 16049412
12060133258626301 40200444195421 3055861800803894 5595772378236451 22570926544175 6197088
12060133258626301 40200444195421 3055861800803894 1136898703958361 14871510901047 17523609
99094054673162971 367015017308011 2350282106787469 72959245767353367 153361663378761 170043675
99094054673162971 367015017308011 2350282106787469 992342490272612 365194712747650 9089943
99094054673162971 367015017308011 2350282106787469 55898907512612437 41809664002735 49132608
99094054673162971 367015017308011 2350282106787469 93951349519632568 185693459971630 99284196
99094054673162971 367015017308011 2350282106787469 24783178274582112 75752374787488 122467968
99094054673162971 367015017308011 2350282106787469 95353045329036783 120749854243728 118499676
99094054673162971 367015017308011 2350282106787469 44959889614986789 121826762459787 23137614
99094054673162971 367015017308011 2350282106787469 88093099706012345 249458535017884 56638131
99094054673162971 367015017308011 2350282106787469 29913150717625946 73287528939350 36045432
99094054673162971 367015017308011 2350282106787469 97528251050777475 213527198882217 81535026
99094054673162971 367015017308011 2350282106787469 33360408340549676 8216091781716 47596038
99094054673162971 367015017308011 2350282106787469 63770735615019548 71697625023046 143551254
99094054673162971 367015017308011 2350282106787469 77294015700403295 207652676515363 55618950
99094054673162971 367015017308011 2350282106787469 7960744298173555 174482534535150 82064931
99094054673162971 367015017308011 2350282106787469 56059798646578975 214863091779007 115530936
99094054673162971 367015017308011 2350282106787469 69207966433943271 333995949541224 88852512
99094054673162971 367015017308011 2350282106787469 42047340742795080 351825226032711 49556316
99094054673162971 367015017308011 2350282106787469 915773677627969 259289099256791 101436192
99094054673162971 367015017308011 2350282106787469 87340637757732253 135175137355756 32680584
99094054673162971 367015017308011 2350282106787469 93518443704795031 334811019687021 155659386
99094054673162971 367015017308011 2350282106787469 28375385604834999 299946921489104 114696390
99094054673162971 367015017308011 2350282106787469 18654412164953777 254565423781729 161615727
99094054673162971 367015017308011 2350282106787469 17744725044637355 105286891885027 90535389
99094054673162971 367015017308011 2350282106787469 2252237748010992 269717669483168 91947570
99094054673162971 367015017308011 2350282106787469 56879893358719668 89731478368856 37225503
99094054673162971 367015017308011 2350282106787469 14184071269487663 282053455633030 65275488
99094054673162971 367015017308011 2350282106787469 94396611989163024 133065055028957 154433238
99094054673162971 367015017308011 2350282106787469 4951095585015428 119778266862281 128729988
99094054673162971 367015017308011 2350282106787469 91822712721359964 120432977222727 80292834
99094054673162971 367015017308011 2350282106787469 58306740172269573 299978414430840 99994002
99094054673162971 367015017308011 2350282106787469 38285947566721014 130935350667577 203799168
99094054673162971 367015017308011 2350282106787469 12641749525931161 319852747014294 43273530
99094054673162971 367015017308011 2350282106787469 46749334244660954 151569280665885 101831976
99094054673162971 367015017308011 2350282106787469 15589504430984154 359727378627490 53803044
99094054673162971 367015017308011 2350282106787469 17850829478103951 23502883603547 117333432
99094054673162971 367015017308011 2350282106787469 1587982306171882 6242873892968 164652795
99094054673162971 367015017308011 2350282106787469 98671973086897653 158425058973867 30366198
99094054673162971 367015017308011 2350282106787469 23619929184232279 228006203309376 28067799
99094054673162971 367015017308011 2350282106787469 74089662627509078 246407913071474 62125926
99094054673162971 367015017308011 2350282106787469 6463063958674628 235174043365769 172155324
99094054673162971 367015017308011 2350282106787469 47446264993567788 241734028031282 72602964
99094054673162971 367015017308011 2350282106787469 77021027341652420 127643120619823 34983384
99094054673162971 367015017308011 2350282106787469 33549599121078056 160477159599490 64018584
99094054673162971 367015017308011 2350282106787469 7937924603006577 73841840388459 79388739
99094054673162971 367015017308011 2350282106787469 8824474941276149 315638791888392 51079782
99094054673162971 367015017308011 2350282106787469 83036421970577220 345868406840671 50434770
99094054673162971 367015017308011 2350282106787469 80740508543093339 263693749263007 52111140
99094054673162971 367015017308011 2350282106787469 55963837242115157 7321003002187 56405352
99094054673162971 367015017308011 2350282106787469 10765049572381618 231289311598840 78788934
99094054673162971 367015017308011 2350282106787469 49739908633832896 231767926379517 30679224
99094054673162971 367015017308011 2350282106787469 18409940265765015 19781429495562 66109809
99094054673162971 367015017308011 2350282106787469 91304511880702139 150765090480090 21423330
99094054673162971 367015017308011 2350282106787469 29815786376820224 281016255363570 62954718
99094054673162971 367015017308011 2350282106787469 11738579403703713 214015791697220 41186619
99094054673162971 367015017308011 2350282106787469 39658239223477753 89008742470128 105800286
99094054673162971 367015017308011 2350282106787469 39829639960907178 127975520164816 25843839
99094054673162971 367015017308011 2350282106787469 58054619932731890 163864841597164 170523900
99094054673162971 367015017308011 2350282106787469 97988506094173830 121790382285482 23239740
99094054673162971 367015017308011 2350282106787469 73273617157504127 173376812028848 80270748
99094054673162971 367015017308011 2350282106787469 58434016241371496 274019932916159 71553024
99094054673162971 367015017308011 2350282106787469 78076019096530416 171177584076789 50730420
99094054673162971 367015017308011 2350282106787469 55369909987701270 119476938896278 47417673
99094054673162971 367015017308011 2350282106787469 95882313851480893 223630235151011 10909440
99094054673162971 367015017308011 2350282106787469 26072484600485900 251895446969485 26393478
99094054673162971 367015017308011 2350282106787469 68171647284848706 201965388579197 110405733
99094054673162971 367015017308011 2350282106787469 11325248435908020 280212256773811 54461079
99094054673162971 367015017308011 2350282106787469 51345270548746455 92939558368354 73501155
99094054673162971 367015017308011 2350282106787469 47170713518708907 276600267263281 206314284
99094054673162971 367015017308011 2350282106787469 5302385559276783 133659555963054 87042648
99094054673162971 367015017308011 2350282106787469 88201040024896309 191079707676114 137627814
99094054673162971 367015017308011 2350282106787469 21036751225684030 42038879989764 68083380
99094054673162971 367015017308011 2350282106787469 23312832621997903 76952105854509 40873728
99094054673162971 367015017308011 2350282106787469 83121471273951111 230726695228885 30835515
99094054673162971 367015017308011 2350282106787469 39019958327830994 178179055814808 53219997
99094054673162971 367015017308011 2350282106787469 93755343494072647 139394299735588 106070004
99094054673162971 367015017308011 2350282106787469 16336935625445362 82801034739025 72541392
99094054673162971 367015017308011 2350282106787469 28628823419125356 140845073744535 78090840
99094054673162971 367015017308011 2350282106787469 53195527490369702 171880726103437 49500804
99094054673162971 367015017308011 2350282106787469 86910002508453456 359270059114835 62652141
99094054673162971 367015017308011 2350282106787469 92443582819619499 357921812223874 27739287
99094054673162971 367015017308011 2350282106787469 79543302821614571 312293181916284 36584004
99094054673162971 367015017308011 2350282106787469 36913544041040686 110734256418913 128295000
99094054673162971 367015017308011 2350282106787469 90860504839897285 294999928301889 71352315
99094054673162971 367015017308011 2350282106787469 29767515904146780 259318715129598 107002047
99094054673162971 367015017308011 2350282106787469 98130328650582202 96673522853958 107937378
99094054673162971 367015017308011 2350282106787469 23817840704099544 223310579646923 98744856
99094054673162971 367015017308011 2350282106787469 52800452982123648 355386730342091 93963636
99094054673162971 367015017308011 2350282106787469 39571848770298683 3237814479581 43666200
99094054673162971 367015017308011 2350282106787469 90099845347714465 141468778091448 89501232
99094054673162971 367015017308011 2350282106787469 30482063139430283 309846775626389 63356496
99094054673162971 367015017308011 2350282106787469 66425980810451254 135147838914526 34907796
99094054673162971 367015017308011 2350282106787469 74897347904670668 227308082053525 35027535
99094054673162971 367015017308011 2350282106787469 17111339393887951 54496120600837 64433100
99094054673162971 367015017308011 2350282106787469 84666112669019995 25340441859690 23264535
99094054673162971 367015017308011 2350282106787469 62612666323751435 9356195330086 84029040
99094054673162971 367015017308011 2350282106787469 37149407653135369 238538807084402 48257628
99094054673162971 367015017308011 2350282106787469 70464400227686750 62366510517221 117189264
99094054673162971 367015017308011 2350282106787469 86611341704690372 137425403147486 113016408
99094054673162971 367015017308011 2350282106787469 75538613817205061 356794584144068 132726375
99094054673162971 367015017308011 2350282106787469 66922157314213564 74814909044066 18610638
4955911402919839793 7203359597267209 2061237384532892468 3663636677269325613 1714418990420404 139854759
4955911402919839793 7203359597267209 2061237384532892468 4126353872269501357 4590020620515587 274573593
4955911402919839793 7203359597267209 2061237384532892468 2046416969801088067 233886457532980 355450233
4955911402919839793 7203359597267209 2061237384532892468 1634018713421564251 5173148885295941 672240690
4955911402919839793 7203359597267209 2061237384532892468 2461594876766184932 4385868387675475 359081619
4955911402919839793 7203359597267209 2061237384532892468 2861530861037126838 5861562653263628 130390290
4955911402919839793 7203359597267209 2061237384532892468 4238584305971678908 6494319773411767 547111029
4955911402919839793 7203359597267209 2061237384532892468 3785751164822001294 1989847857886046 396532032
4955911402919839793 7203359597267209 2061237384532892468 1882317241621574119 6274254859684183 353828718
4955911402919839793 7203359597267209 2061237384532892468 2924458245674298947 1448685744960057 169987140
4955911402919839793 7203359597267209 2061237384532892468 4944661778881275831 1252272178060420 192677118
4955911402919839793 7203359597267209 2061237384532892468 1229466951904917653 1894497944257251 167133180
4955911402919839793 7203359597267209 2061237384532892468 908390664166173823 5115539206207090 272550498
4955911402919839793 7203359597267209 2061237384532892468 1084857205794117789 2114795882555883 92784639
4955911402919839793 7203359597267209 2061237384532892468 1578404236708133753 7155291194279438 597480114
4955911402919839793 7203359597267209 2061237384532892468 2052467831477093967 1613587810643389 274972572
4955911402919839793 7203359597267209 2061237384532892468 2338065514326702952 5725127584936596 299396832
4955911402919839793 7203359597267209 2061237384532892468 3277200777131419566 4640992167821049 89493210
4955911402919839793 7203359597267209 2061237384532892468 510914744674900585 1006280258531643 128525091
4955911402919839793 7203359597267209 2061237384532892468 3831474869319677051 2142056273718068 153524868
4955911402919839793 7203359597267209 2061237384532892468 4573364206885422126 3924622298184425 670454304
4955911402919839793 7203359597267209 2061237384532892468 282243235880898880 1841315371334727 217699857
4955911402919839793 7203359597267209 2061237384532892468 1929135243710844161 1302244066554077 36638355
4955911402919839793 7203359597267209 2061237384532892468 1165006220125634526 1985063791092764 265176414
4955911402919839793 7203359597267209 2061237384532892468 1455796616398507878 3581363742808518 253804152
4955911402919839793 7203359597267209 2061237384532892468 3089038932884970608 2817105570561418 171770112
4955911402919839793 7203359597267209 2061237384532892468 2792637209978186432 5975401303161613 340678185
4955911402919839793 7203359597267209 2061237384532892468 1020227805563642997 838331476249963 298392570
4955911402919839793 7203359597267209 2061237384532892468 4206935163143560881 4706047954029425 180466635
4955911402919839793 7203359597267209 2061237384532892468 702931338929435683 1106882572403214 72849141
4955911402919839793 7203359597267209 2061237384532892468 403957391057423797 3736482093757954 393340635
4955911402919839793 7203359597267209 2061237384532892468 2373596410626619145 426840536924985 679614354
4955911402919839793 7203359597267209 2061237384532892468 3202649568695444779 1109857843551155 797512998
4955911402919839793 7203359597267209 2061237384532892468 1826352897881947694 3103257476897654 20896929
4955911402919839793 7203359597267209 2061237384532892468 2552285995317659956 4919382615655346 358528596
4955911402919839793 7203359597267209 2061237384532892468 1849723609982000343 4620370093622686 116138616
4955911402919839793 7203359597267209 2061237384532892468 2721758884237473023 5128528727885627 592218240
4955911402919839793 7203359597267209 2061237384532892468 3569136818789654881 4478720839844831 460499859
4955911402919839793 7203359597267209 2061237384532892468 2931401254566747184 5776314112224798 213681681
4955911402919839793 7203359597267209 2061237384532892468 461650267041102955 1601021163240465 69284037
4955911402919839793 7203359597267209 2061237384532892468 515377477481794844 5620146994543468 117546585
4955911402919839793 7203359597267209 2061237384532892468 4593949288505474520 5271136059885713 178847724
4955911402919839793 7203359597267209 2061237384532892468 1948311326222834576 4799852893985848 207431187
4955911402919839793 7203359597267209 2061237384532892468 3063479139258821960 1419105780730273 283290705
4955911402919839793 7203359597267209 2061237384532892468 1665416746491856043 525606805310939 318201774
4955911402919839793 7203359597267209 2061237384532892468 619297708818556750 6069428875111823 280227789
4955911402919839793 7203359597267209 2061237384532892468 1394579888356143720 3711029818375102 160934400
4955911402919839793 7203359597267209 2061237384532892468 3447372084050792783 1220159283552130 644433423
4955911402919839793 7203359597267209 2061237384532892468 2809579305467531361 1405131475783252 141938580
4955911402919839793 7203359597267209 2061237384532892468 2891998553656571288 1191573383415744 159308961
4955911402919839793 7203359597267209 2061237384532892468 1809455802080098794 4043895817968015 400872672
4955911402919839793 7203359597267209 2061237384532892468 500551789435745836 1085835916644097 282396165
4955911402919839793 7203359597267209 2061237384532892468 559086491411106891 243515228526571 383892993
4955911402919839793 7203359597267209 2061237384532892468 1963987448265761983 3566622650878248 232626900
4955911402919839793 7203359597267209 2061237384532892468 2841356438732099148 5409216490365565 379330692
4955911402919839793 7203359597267209 2061237384532892468 3658986807093755692 3132620117654224 154186047
4955911402919839793 7203359597267209 2061237384532892468 2387844861855560128 340595340640310 55280973
4955911402919839793 7203359597267209 2061237384532892468 716293752015911421 6196355107320892 758141406
4955911402919839793 7203359597267209 2061237384532892468 3415568160901115871 661956533187190 104484546
4955911402919839793 7203359597267209 2061237384532892468 3320879385163202363 554255042278735 205809186
4955911402919839793 7203359597267209 2061237384532892468 606796297384739373 4711890375975341 144238236
4955911402919839793 7203359597267209 2061237384532892468 4211660715716855250 3531583405130798 275541474
4955911402919839793 7203359597267209 2061237384532892468 360092720211825786 5627196091513381 183924648
4955911402919839793 7203359597267209 2061237384532892468 575755284355594161 6768537341026 84938409
4955911402919839793 7203359597267209 2061237384532892468 2652330241864773225 2533168402232881 436578039
4955911402919839793 7203359597267209 2061237384532892468 3169171228470080727 2510849755239539 332436888
4955911402919839793 7203359597267209 2061237384532892468 1697521383819609838 1660856062547114 748121328
4955911402919839793 7203359597267209 2061237384532892468 4797268255509471771 3403754035808256 244271724
4955911402919839793 7203359597267209 2061237384532892468 3760989175923625041 1730698125111124 585756294
4955911402919839793 7203359597267209 2061237384532892468 491304873455209344 1896651885171280 511654995
4955911402919839793 7203359597267209 2061237384532892468 1488850815247698105 4507904747980108 119808609
4955911402919839793 7203359597267209 2061237384532892468 846870929653415170 5561277675861324 20140770
4955911402919839793 7203359597267209 2061237384532892468 1395855276853439695 5062371753865094 521780259
4955911402919839793 7203359597267209 2061237384532892468 902440800766421899 5746769700106978 267150276
4955911402919839793 7203359597267209 2061237384532892468 3756185109655951105 676187605532574 230266230
4955911402919839793 7203359597267209 2061237384532892468 4223804342864279346 3183272373792283 218415762
4955911402919839793 7203359597267209 2061237384532892468 493193527945472898 7135415364427749 156495951
4955911402919839793 7203359597267209 2061237384532892468 1948408582967842035 3924977164188638 435867762
4955911402919839793 7203359597267209 2061237384532892468 4676681045431097336 6480836874494962 405122907
4955911402919839793 7203359597267209 2061237384532892468 3368632631008470258 1240022525147476 557529723
4955911402919839793 7203359597267209 2061237384532892468 3418279749792351028 2138989019835496 52662540
4955911402919839793 7203359597267209 2061237384532892468 1880113198988143402 1905221435642252 285934425
4955911402919839793 7203359597267209 2061237384532892468 3924471006739232543 1565293984262881 632260860
4955911402919839793 7203359597267209 2061237384532892468 2884811983927817388 1657547052128216 850050288
4955911402919839793 7203359597267209 2061237384532892468 1216216146812881429 2259215553626194 439312713
4955911402919839793 7203359597267209 2061237384532892468 4184621905799934820 1001567696763497 494329488
4955911402919839793 7203359597267209 2061237384532892468 2878838055140031266 615506799720626 337668192
4955911402919839793 7203359597267209 2061237384532892468 272828584769419647 4610729920361487 476286459
4955911402919839793 7203359597267209 2061237384532892468 4279000690717396590 6263746440566847 518236260
4955911402919839793 7203359597267209 2061237384532892468 1012293671762072663 5740700532840811 365842284
4955911402919839793 7203359597267209 2061237384532892468 4644849170734697597 5703471649224303 696620766
4955911402919839793 7203359597267209 2061237384532892468 1082546013978425404 6144288858656798 770351061
4955911402919839793 7203359597267209 2061237384532892468 3233465391024003294 4352215081454405 70112172
4955911402919839793 7203359597267209 2061237384532892468 3976095853637209065 1989915371900825 514575312
4955911402919839793 7203359597267209 2061237384532892468 29701696828291406 4664241417353330 376739532
4955911402919839793 7203359597267209 2061237384532892468 3482060974455485156 6193333836518676 558062820
4955911402919839793 7203359597267209 2061237384532892468 3055923955739737969 3455107112470284 243634392
4955911402919839793 7203359597267209 2061237384532892468 3890074736391678416 1385522751162597 448963425
4955911402919839793 7203359597267209 2061237384532892468 3689071225363651833 1505043557322356 204636879
4955911402919839793 7203359597267209 2061237384532892468 1650210680084050816 829537589847749 201556233
54235940857349586133 92237994655356439 25711408436790800505 33138621053548395031 79004280798962854 545968449
54235940857349586133 92237994655356439 25711408436790800505 34872560741522365974 10164628090171078 1500465222
54235940857349586133 92237994655356439 25711408436790800505 6421864602977929134 32086759507994966 895940820
54235940857349586133 92237994655356439 25711408436790800505 52669531389902465139 56094492591619432 593779242
54235940857349586133 92237994655356439 25711408436790800505 47745409203065093605 76874083412394722 1688271960
54235940857349586133 92237994655356439 25711408436790800505 24391781736341182344 20696300771707031 1012229616
54235940857349586133 92237994655356439 25711408436790800505 36468312325508408667 61216689712662933 825625722
54235940857349586133 92237994655356439 25711408436790800505 7821886466146360762 67493230088348064 1695516759
54235940857349586133 92237994655356439 25711408436790800505 40755867939643712202 17440179993169270 2460774543
54235940857349586133 92237994655356439 25711408436790800505 35172626726145241245 55108699588384038 2186552907
54235940857349586133 92237994655356439 25711408436790800505 5017179021229249501 13669319476467591 1500091749
54235940857349586133 92237994655356439 25711408436790800505 18975402868976649885 8547561529611154 1208303049
54235940857349586133 92237994655356439 25711408436790800505 21007650962320067322 77855437662968872 247947624
54235940857349586133 92237994655356439 25711408436790800505 9430560930512840222 43865807647524020 2839122213
54235940857349586133 92237994655356439 25711408436790800505 17833422797001858461 18667532855674042 2698939047
54235940857349586133 92237994655356439 25711408436790800505 11159201158253402991 61936516871809983 603464532
54235940857349586133 92237994655356439 25711408436790800505 38483954517240515111 76239777534829362 1247931054
54235940857349586133 92237994655356439 25711408436790800505 40095762407696998908 74787913142059274 2243592732
54235940857349586133 92237994655356439 25711408436790800505 28739292652459443917 16637875822326297 894785502
54235940857349586133 92237994655356439 25711408436790800505 20245160318034026464 60703754519290312 1552152927
54235940857349586133 92237994655356439 25711408436790800505 18238862065861576547 6976960950187286 382681116
54235940857349586133 92237994655356439 25711408436790800505 39747916344586889671 20688114346066254 1376642280
54235940857349586133 92237994655356439 25711408436790800505 27139230732112698489 9173193116057201 747823200
54235940857349586133 92237994655356439 25711408436790800505 7999473139646421698 68747300772936167 1219630266
54235940857349586133 92237994655356439 25711408436790800505 10761422833061896004 68846932842529251 2365419975
54235940857349586133 92237994655356439 25711408436790800505 29879185952551171886 42416077006844412 1692190530
54235940857349586133 92237994655356439 25711408436790800505 33723789458400649700 35691074986236928 376814496
54235940857349586133 92237994655356439 25711408436790800505 52863643461866079555 13834102857470893 318058830
54235940857349586133 92237994655356439 25711408436790800505 12716924028517192548 79457793385065876 2117248656
54235940857349586133 92237994655356439 25711408436790800505 33399452055806692807 87258017169645021 1382393430
54235940857349586133 92237994655356439 25711408436790800505 21359908532365618444 74760367885960722 810743511
54235940857349586133 92237994655356439 25711408436790800505 14548662877246365799 71552379098547211 468916464
54235940857349586133 92237994655356439 25711408436790800505 22824382740854547653 67031085916030712 3142483938
54235940857349586133 92237994655356439 25711408436790800505 32596477805520818750 33058430599230635 602684952
54235940857349586133 92237994655356439 25711408436790800505 30566016065916578701 2917512024887747 1340700495
54235940857349586133 92237994655356439 25711408436790800505 416001151496847351 85982308789919811 984850416
54235940857349586133 92237994655356439 25711408436790800505 21437222758735966411 28007097828154229 1042547247
54235940857349586133 92237994655356439 25711408436790800505 48221488953901694548 82458090669777057 594555717
54235940857349586133 92237994655356439 25711408436790800505 28628527416595145934 28777481320921568 1575555597
54235940857349586133 92237994655356439 25711408436790800505 3456009761922383586 88085919906568194 523621584
54235940857349586133 92237994655356439 25711408436790800505 13612833004318491163 67968078955392383 1453754412
54235940857349586133 92237994655356439 25711408436790800505 36804979960035834941 64318659667568805 1885785048
54235940857349586133 92237994655356439 25711408436790800505 3956086862132782139 68775397643435237 393664467
54235940857349586133 92237994655356439 25711408436790800505 21127859648220474850 76365019791845429 659389863
54235940857349586133 92237994655356439 25711408436790800505 40044256712853788350 43717428613556161 570609459
54235940857349586133 92237994655356439 25711408436790800505 23713662590893652847 71449492436840460 1684515447
54235940857349586133 92237994655356439 25711408436790800505 47103313816290554602 51116671783799435 1325860236
54235940857349586133 92237994655356439 25711408436790800505 22135794319453673785 56647368992643785 1035106875
54235940857349586133 92237994655356439 25711408436790800505 53363743580212467588 27720548589012841 1991264445
54235940857349586133 92237994655356439 25711408436790800505 23325112122331565440 43144874702403604 1057168203
54235940857349586133 92237994655356439 25711408436790800505 41136604869579613541 66606713599009515 1126665219
54235940857349586133 92237994655356439 25711408436790800505 35881403683261878901 39956141833725500 1346637006
54235940857349586133 92237994655356439 25711408436790800505 53720601321807972 18760417067294132 234298827
54235940857349586133 92237994655356439 25711408436790800505 22570336449620000682 60111603917212694 567624915
54235940857349586133 92237994655356439 25711408436790800505 33136162576533640112 80706642748324854 1585118268
54235940857349586133 92237994655356439 25711408436790800505 53455559326027951624 47118015536901652 1320381045
54235940857349586133 92237994655356439 25711408436790800505 49964752946840733008 18050178416135052 1366744140
54235940857349586133 92237994655356439 25711408436790800505 36985008948711454483 12678729763409177 1822589976
54235940857349586133 92237994655356439 25711408436790800505 44140778625618925426 80621381763882083 1152709347
54235940857349586133 92237994655356439 25711408436790800505 49240692627146921344 66404545834366600 498270606
54235940857349586133 92237994655356439 25711408436790800505 39549943120672056052 5369149000971150 844307466
54235940857349586133 92237994655356439 25711408436790800505 3997419028043696428 23311106758073208 397488048
54235940857349586133 92237994655356439 25711408436790800505 39525597673403264269 26635364313468631 692463876
54235940857349586133 92237994655356439 25711408436790800505 10567982456316724102 12574525540544663 572747490
54235940857349586133 92237994655356439 25711408436790800505 28333932745125734124 76212020676621602 1065962133
54235940857349586133 92237994655356439 25711408436790800505 19820070515826092010 17293439048548807 1058190990
54235940857349586133 92237994655356439 25711408436790800505 25934609393093920282 21030294802438051 533054370
54235940857349586133 92237994655356439 25711408436790800505 25387090447065954681 43734536943398160 91353825
54235940857349586133 92237994655356439 25711408436790800505 43629284867643315220 27956218291409821 1022088060
54235940857349586133 92237994655356439 25711408436790800505 41488643144929656799 18553502911224222 1329876648
54235940857349586133 92237994655356439 25711408436790800505 51957621618334750551 70302347217363651 1878377238
54235940857349586133 92237994655356439 25711408436790800505 20883486052590074251 51242667553273229 1742529036
54235940857349586133 92237994655356439 25711408436790800505 966313619295040414 73792367547089418 1988783943
54235940857349586133 92237994655356439 25711408436790800505 26036791574292087698 62453468333462013 1368133350
54235940857349586133 92237994655356439 25711408436790800505 42100529061372343444 6455975150857288 685085352
54235940857349586133 92237994655356439 25711408436790800505 38566255115321288719 88942629155093818 2017293180
54235940857349586133 92237994655356439 25711408436790800505 2108696465850162349 44925904571169811 1743685944
54235940857349586133 92237994655356439 25711408436790800505 31387747728203269359 79181952633770428 1099743465
54235940857349586133 92237994655356439 25711408436790800505 49258361684244979312 68123586560603520 271704387
54235940857349586133 92237994655356439 25711408436790800505 42076031619070731463 75106073365740707 381449031
54235940857349586133 92237994655356439 25711408436790800505 33706925418832063468 45541641698555990 1833876318
54235940857349586133 92237994655356439 25711408436790800505 48687671615729268834 27609015879361087 750784566
54235940857349586133 92237994655356439 25711408436790800505 25162056123075222682 75852110029060400 427999791
54235940857349586133 92237994655356439 25711408436790800505 38582537101424753005 31522107154259774 1833811800
54235940857349586133 92237994655356439 25711408436790800505 41143741067278877713 38958547471282912 232312701
54235940857349586133 92237994655356439 25711408436790800505 32574079241911603724 10342578018993500 2351281200
54235940857349586133 92237994655356439 25711408436790800505 17317549027214870119 7594583398585527 850961295
54235940857349586133 92237994655356439 25711408436790800505 29993739462880665424 9665282171597503 2281892808
54235940857349586133 92237994655356439 25711408436790800505 42293052701439338125 53603224087911402 928724166
54235940857349586133 92237994655356439 25711408436790800505 3233960152283935486 32286506969978153 1287758088
54235940857349586133 92237994655356439 25711408436790800505 51626577894941593494 26119832670327281 857979477
54235940857349586133 92237994655356439 25711408436790800505 48011076560785927912 49184340416671129 575125266
54235940857349586133 92237994655356439 25711408436790800505 18173951274278664823 61722871391656945 645846720
54235940857349586133 92237994655356439 25711408436790800505 19911358742043949524 84586753396397899 791264391
54235940857349586133 92237994655356439 25711408436790800505 2727235507575025978 90730792866068012 1129761870
54235940857349586133 92237994655356439 25711408436790800505 20434707932973421611 83992770983903637 782262924
54235940857349586133 92237994655356439 25711408436790800505 41789333475846471811 79082076987894634 1333694556
54235940857349586133 92237994655356439 25711408436790800505 17245428532970364707 1418524429774112 1818255417
54235940857349586133 92237994655356439 25711408436790800505 34829034578111744895 90583456420789126 2342885550
54235940857349586133 92237994655356439 25711408436790800505 22352694495594215766 43363810452745354 1424542500
50382953405655012971 296370314150911841 4066495344244116146 43124628455009231715 20715544893116938 937694529
50382953405655012971 296370314150911841 4066495344244116146 23330074801185489367 38602681291358231 2538832452
50382953405655012971 296370314150911841 4066495344244116146 8639148379204557225 192366214981409199 2756130222
50382953405655012971 296370314150911841 4066495344244116146 31763183661847529400 290975677499458851 1292684439
50382953405655012971 296370314150911841 4066495344244116146 28886281796371521447 291571496118900994 1834350915
50382953405655012971 296370314150911841 4066495344244116146 49182209597493949827 241355945552790434 309260283
50382953405655012971 296370314150911841 4066495344244116146 9929114256637913062 198724653336635173 237123843
50382953405655012971 296370314150911841 4066495344244116146 17734091662202136196 267954955491240872 2775262752
50382953405655012971 296370314150911841 4066495344244116146 38667883773623227331 294817817740307666 2980465860
50382953405655012971 296370314150911841 4066495344244116146 8637126536701051052 89653219169738128 4005741048
50382953405655012971 296370314150911841 4066495344244116146 19053233288647290635 185514938991275752 1595731518
50382953405655012971 296370314150911841 4066495344244116146 27736471914259437083 134590441692181712 4422371418
50382953405655012971 296370314150911841 4066495344244116146 5394244740312681197 43087562774799859 480855144
50382953405655012971 296370314150911841 4066495344244116146 7055446949678251536 26929248936960635 4180584702
50382953405655012971 296370314150911841 4066495344244116146 44614546813345630884 40608164848330014 502487454
50382953405655012971 296370314150911841 4066495344244116146 14254902294042430471 2359006882785390 591396804
50382953405655012971 296370314150911841 4066495344244116146 1230900439321295559 114688397361207687 1026180981
50382953405655012971 296370314150911841 4066495344244116146 45018140213413245210 223033470027613117 1566820941
50382953405655012971 296370314150911841 4066495344244116146 40631270261940900991 206738606555475417 2829894966
50382953405655012971 296370314150911841 4066495344244116146 31373561595462918848 254968387346353167 1733336484
50382953405655012971 296370314150911841 4066495344244116146 15768996462913591270 96910864145797413 2815123956
50382953405655012971 296370314150911841 4066495344244116146 34775162664265531477 62847526019793799 4296083427
50382953405655012971 296370314150911841 4066495344244116146 14402249672598478477 275625400806727887 2067069780
50382953405655012971 296370314150911841 4066495344244116146 26185201664748508808 108175242171096819 1707999834
50382953405655012971 296370314150911841 4066495344244116146 19359101407325575886 32007050439986761 2135339712
50382953405655012971 296370314150911841 4066495344244116146 20835734448122233732 6239449064055927 1886753898
50382953405655012971 296370314150911841 4066495344244116146 24437350003555851492 98890274924146014 1203157518
50382953405655012971 296370314150911841 4066495344244116146 6685461682327510315 64025201096162855 352737588
50382953405655012971 296370314150911841 4066495344244116146 18638320360946070226 236747210120509354 2647519209
50382953405655012971 296370314150911841 4066495344244116146 3296162323373439271 257804679591414290 1194673749
50382953405655012971 296370314150911841 4066495344244116146 29453226347330001839 220836739386281540 445296753
50382953405655012971 296370314150911841 4066495344244116146 25801548948579872501 286221978631149932 996135294
50382953405655012971 296370314150911841 4066495344244116146 46960690509945039885 87820746832961146 4950894096
50382953405655012971 296370314150911841 4066495344244116146 698410872403427148 168614782648442314 2025351528
50382953405655012971 296370314150911841 4066495344244116146 23766623542313086918 194276020440956594 3215499750
50382953405655012971 296370314150911841 4066495344244116146 39650636547550985581 259771630714760094 6006479304
50382953405655012971 296370314150911841 4066495344244116146 35712542113004985095 73062142104016962 1334007630
50382953405655012971 296370314150911841 4066495344244116146 8546503349262633810 201543763519584423 1008628590
50382953405655012971 296370314150911841 4066495344244116146 11103191251874838954 18204434769551205 1506886533
50382953405655012971 296370314150911841 4066495344244116146 7127881292486922905 256635926496489476 2043808770
50382953405655012971 296370314150911841 4066495344244116146 48241081836686341787 85424969272010675 781641774
50382953405655012971 296370314150911841 4066495344244116146 9930594170021644177 281393450779350971 1046200704
50382953405655012971 296370314150911841 4066495344244116146 24795378522199724813 256771227929211765 4217146155
50382953405655012971 296370314150911841 4066495344244116146 27519264930757603292 232513360561763126 4057915155
50382953405655012971 296370314150911841 4066495344244116146 17280856902073446315 187873463158990549 2495243988
50382953405655012971 296370314150911841 4066495344244116146 43835057208642848459 6917420344676850 1719801294
50382953405655012971 296370314150911841 4066495344244116146 29594781975890511401 72580162720429534 2541353124
50382953405655012971 296370314150911841 4066495344244116146 3347209079472069636 38668124796801801 1359561165
50382953405655012971 296370314150911841 4066495344244116146 21243094477107151683 143923313766332254 3853036011
50382953405655012971 296370314150911841 4066495344244116146 39205949584804900719 228012979630672870 2503001988
50382953405655012971 296370314150911841 4066495344244116146 5308609960140078231 191879051154104423 1506789156
50382953405655012971 296370314150911841 4066495344244116146 43639163985629220827 30042300219525035 2749943274
50382953405655012971 296370314150911841 4066495344244116146 14312565108222950897 23428693771946312 1643764854
50382953405655012971 296370314150911841 4066495344244116146 49375509172753983161 25781308866276707 2563992756
50382953405655012971 296370314150911841 4066495344244116146 2767599737789857281 273301966669816931 724041786
50382953405655012971 296370314150911841 4066495344244116146 17347664185347029191 16599585298923640 2184767760
50382953405655012971 296370314150911841 4066495344244116146 38831940414430389992 106204284138759032 770116512
50382953405655012971 296370314150911841 4066495344244116146 4591238242662678636 52124033637465624 3119961936
50382953405655012971 296370314150911841 4066495344244116146 7999640437572422187 294724768772510829 2327158410
50382953405655012971 296370314150911841 4066495344244116146 6659581442061250946 171543515153842739 1688029458
50382953405655012971 296370314150911841 4066495344244116146 5357754465914981246 255102688931990516 2695633248
50382953405655012971 296370314150911841 4066495344244116146 34521987802211440534 46643027008778153 1970573343
50382953405655012971 296370314150911841 4066495344244116146 20844176731161621776 40077121526021270 1182003438
50382953405655012971 296370314150911841 4066495344244116146 41608111104825470514 293769697285773338 636841143
50382953405655012971 296370314150911841 4066495344244116146 22861389062891554581 184440932776921926 2087805402
50382953405655012971 296370314150911841 4066495344244116146 24776856820040789733 6134593106833981 799562925
50382953405655012971 296370314150911841 4066495344244116146 44069226523577640933 63877653362756800 1502467812
50382953405655012971 296370314150911841 4066495344244116146 44157476952478798747 149755774479361511 2705716062
50382953405655012971 296370314150911841 4066495344244116146 16035487871575784999 217415970305817520 1023413244
50382953405655012971 296370314150911841 4066495344244116146 35849261350123622848 185190497852226041 3106431264
50382953405655012971 296370314150911841 4066495344244116146 34525026869063670272 146318998731136967 357013992
50382953405655012971 296370314150911841 4066495344244116146 18490410072799934949 265538766675965455 3309448341
50382953405655012971 296370314150911841 4066495344244116146 14436521925058345386 225183284588707151 1644770757
50382953405655012971 296370314150911841 4066495344244116146 14053506823141672863 79260422611331151 2352455586
50382953405655012971 296370314150911841 4066495344244116146 47661191634131425256 11548664716293161 4013781591
50382953405655012971 296370314150911841 4066495344244116146 38623384982816669517 86077603739339797 509416917
50382953405655012971 296370314150911841 4066495344244116146 2255735745386736324 275844031600974065 833663427
50382953405655012971 296370314150911841 4066495344244116146 8660748929624710691 184987234488895886 1455613680
50382953405655012971 296370314150911841 4066495344244116146 19987317985059703852 143887223016820928 2855749140
50382953405655012971 296370314150911841 4066495344244116146 36956322569802221703 118371805353937810 1760798160
50382953405655012971 296370314150911841 4066495344244116146 2202315876034472985 106580451083744579 1810871409
50382953405655012971 296370314150911841 4066495344244116146 12711359646453162680 295223544831259648 2704084410
